1583
31,97765 87,15806
43,03619 50,40815
49,46605 46,02744
13,08075 47,0153
56,56763 28,8981
52,39804 23,91191
32,01483 48,30462
12,93009 27,91184
40,62725 28,25234
20,8596 22,86876
30,84312 11,63762
51,51328 91,39505
62,02222 71,09447
52,84641 50,54132
49,27603 47,64941
52,92969 93,50407
71,91918 36,01242
44,10495 55,89991
53,28247 36,76869
61,78223 52,47395
7,022223 53,19601
53,414 79,20871
47,11999 67,29815
57,35396 29,71581
87,95164 59,23243
49,21213 19,66399
43,38414 64,11036
40,03555 40,4362
50,24822 50,12682
74,38815 58,89782
47,9473 33,23049
14,75264 51,14462
48,87733 43,85683
76,42074 42,29646
68,18735 37,17482
63,90248 44,56707
25,61063 23,59236
54,28051 22,813
39,33275 13,05827
56,43723 60,18257
30,93229 90,57417
32,04519 47,80889
43,38729 26,00349
74,33005 65,85583
97,35368 38,95158
51,46903 78,09514
22,30529 87,17037
50,29139 6,933084
59,65824 39,69937
50,10411 49,34705
42,49291 68,81843
86,86565 65,20343
25,69822 58,4977
50,34399 66,47852
34,03869 34,04415
24,24677 27,96178
40,94659 77,24826
81,1839 81,36094
54,6992 55,86547
33,21685 43,57429
30,18695 88,21432
50,6808 64,94205
42,1497 50,63393
58,21062 9,646353
58,27424 46,73834
20,45742 25,0367
31,21361 65,36164
26,27878 48,72339
49,08164 64,80544
66,96812 85,76796
50,16228 54,96036
76,90769 63,4418
49,4813 61,53543
49,40163 47,66578
25,88805 88,65225
52,21943 50,74728
78,34919 84,84793
31,04309 28,40127
49,66777 51,93378
52,56286 57,4827
53,80135 96,44418
79,57072 40,98183
4,629016 41,74044
49,91723 50,05822
78,51389 79,50391
16,50773 52,86066
63,25793 17,34101
81,8769 39,15868
44,02942 47,60698
95,5025 55,40733
51,49893 56,63284
55,65569 49,39838
27,58095 39,07565
42,2463 35,02579
52,92183 57,52644
26,43582 31,40619
83,76584 36,94911
52,28831 43,7596
90,7024 39,33256
66,66862 50,90087
52,27065 52,92725
87,76722 42,94963
12,20223 39,79989
28,28226 47,15587
50,1844 53,36083
64,60371 36,38164
58,41693 55,85535
39,70033 71,70156
57,95601 24,84331
6,289518 40,92192
47,26006 33,26706
61,27616 12,65226
51,95927 59,4782
67,70224 52,65034
19,30222 56,5151
36,28613 40,69026
54,82381 57,37424
42,41177 27,62746
80,07066 45,67298
42,68332 44,58847
22,36596 29,95934
36,75057 28,86426
60,90283 77,70827
50,1154 50,30396
90,20454 55,66538
49,09757 30,23605
49,90092 44,30087
17,85328 34,88876
60,36462 53,02876
0,2572119 54,09263
10,59935 31,59683
45,78131 89,32771
54,88477 16,10823
50,55938 82,07648
45,20559 35,9445
43,83031 41,67743
38,85619 23,14535
73,16045 59,64046
4,076347 48,95079
29,60539 19,43519
47,58674 51,76171
19,62097 51,35981
64,26179 23,2206
44,56194 45,7453
82,49994 37,57335
30,17769 40,89716
62,92321 60,83831
65,43433 89,10063
57,24754 6,136662
47,9978 48,05083
29,73788 43,04747
48,79285 49,3004
71,0108 19,74813
47,771 52,06412
91,88097 55,40531
51,71223 97,42812
49,40079 49,03946
94,96906 49,09045
55,16282 56,80727
52,7298 39,76075
42,6787 64,3008
53,66927 4,496765
47,43286 53,16499
51,86464 44,04016
57,7329 54,90169
12,17689 66,16596
96,41396 46,31258
10,45356 19,91962
78,87724 61,36805
54,03079 20,94538
20,85887 42,77264
83,76897 32,50177
32,99049 20,08132
93,86679 53,67135
37,59312 10,67706
46,80211 98,82273
78,61758 73,54912
37,90807 30,78963
84,51892 78,54165
57,25908 6,333965
55,23622 37,76565
58,36266 53,52518
22,82234 85,38376
26,9018 61,53922
49,91011 49,93653
31,93674 29,99631
49,6549 49,32121
50,85442 50,28559
56,55513 51,36179
48,91901 35,68121
55,84827 51,24088
52,15255 44,99731
27,38402 60,85715
37,823 41,22187
27,45557 84,94191
53,2346 52,00128
86,47321 47,03385
49,0369 49,78848
14,71588 58,74257
36,20048 48,8821
47,69473 40,12096
52,05076 53,22104
49,77872 50,20015
54,167 67,35743
37,66911 18,69169
61,88433 33,15128
98,33858 47,98315
51,2833 25,19737
44,12482 71,57761
74,46239 23,24094
56,06241 38,95993
38,72581 44,17826
17,78535 31,03576
33,38348 80,3136
50,2291 51,51737
43,42701 62,8943
23,11623 11,79419
62,64861 86,27359
65,54387 12,2671
16,41717 15,87129
81,67434 57,31285
38,06175 37,40108
50,19017 53,32885
58,14819 39,8212
42,49291 15,91671
71,45264 69,48552
49,03244 8,401444
12,6658 59,01696
81,36552 43,81844
54,81877 13,36895
52,64394 55,99883
46,53716 43,33335
2,788648 42,51429
60,74981 37,75493
48,65079 50,19224
50,24141 45,792
88,25949 33,65557
30,94853 91,36367
44,07875 58,35847
74,15337 59,17659
35,2502 38,81157
55,29475 85,62775
27,54112 64,4207
20,85827 39,95948
24,26329 82,90564
32,75097 9,109127
83,63236 50,52059
84,43594 20,73724
57,22378 69,07879
56,23846 23,08305
40,78384 45,03407
46,6846 27,50436
31,6768 72,60429
63,04572 5,507824
92,93616 29,01142
53,28361 27,97398
81,82327 66,76279
34,70552 41,21241
35,60833 20,48973
44,38821 59,138
48,30329 47,57475
42,447 52,57843
49,50426 42,29087
21,96895 29,77491
27,88463 36,13076
94,46828 57,42719
21,47067 22,70559
55,21113 46,75327
49,48865 47,81107
96,02731 30,56247
29,89004 56,16282
50,32684 46,97924
70,30286 60,82254
58,64938 71,558
38,65409 38,21558
47,51041 10,88595
42,61193 31,05836
40,32134 40,812
56,72634 41,28488
63,17374 38,5569
27,95246 74,60059
55,94012 4,253358
40,48558 20,35386
33,78712 57,5047
68,77254 45,37656
65,16952 47,13086
16,47643 44,8499
30,76758 8,076218
80,59832 15,98525
44,05254 38,16589
61,81603 46,19319
32,64925 12,85192
66,59968 9,03062
10,63831 79,6399
9,449232 58,79219
64,81514 70,91885
36,42764 63,39675
27,82134 67,59565
43,86724 97,92368
70,04269 64,96813
10,18723 52,74822
51,46436 52,0982
39,32867 49,89872
5,263072 61,12545
50,84289 64,76491
77,66191 76,3634
36,44295 44,30286
41,40995 45,24259
66,34307 37,99441
54,83075 51,4273
78,36054 17,91627
52,48637 49,39923
45,85071 57,72527
23,50377 81,65823
60,64453 83,50095
52,64494 45,05531
34,70505 72,30679
62,78851 9,368855
74,73878 33,49351
42,10197 71,06722
14,58063 68,82124
35,84546 86,97554
43,57091 31,988
33,24889 12,78341
4,433689 38,04518
30,96672 38,82626
45,81443 47,7883
50,14107 54,68703
81,23411 16,26247
30,77036 75,18323
35,82058 94,0882
50,90606 18,21175
86,30255 48,35736
62,19624 45,50332
59,66064 15,95013
37,12757 58,09481
10,00867 49,59448
46,31047 54,61844
45,33008 49,20575
44,0571 53,5228
49,23874 30,35174
33,24677 55,02571
58,36966 13,4173
52,23538 57,88375
57,83836 17,19799
73,42383 50,48581
49,10542 11,26767
36,84867 33,91473
38,52035 82,873
17,74496 66,99457
69,38653 32,04475
58,21675 24,1472
87,66009 80,09552
53,81251 45,06111
12,10898 63,45203
52,64861 51,10199
70,55668 60,92324
35,14526 52,90574
32,45187 20,84073
45,94684 53,47149
64,66728 39,40245
70,8688 35,16191
54,17218 42,43507
62,0448 38,06894
46,04589 56,42821
38,00196 57,54831
53,13532 46,42334
72,44836 8,751509
36,78499 65,20803
82,02489 73,79626
18,37646 23,88328
60,46832 48,72662
78,38624 58,06136
27,63855 86,92267
41,92545 18,3199
96,27422 37,01785
55,39043 46,10288
15,67132 34,0046
61,58599 64,9436
10,41997 23,85729
67,41219 70,28584
57,34863 53,04475
38,84879 30,14579
43,09212 56,16236
60,67403 48,60602
65,48858 95,34734
3,983953 49,62498
51,94949 97,66276
13,89257 50,22176
68,1385 40,63905
51,54361 49,8586
67,32221 45,01881
74,53138 38,12232
77,04649 58,22002
20,47831 23,2443
56,89603 5,263579
4,189795 35,81154
20,50079 57,55307
19,18015 62,83187
67,00836 55,94224
49,08564 56,72046
3,394917 37,61395
48,47638 51,07788
45,43385 46,82606
40,75343 47,95297
40,09636 17,263
41,50673 25,15652
67,53304 28,8753
54,93156 78,06946
1,168096 45,80939
52,88794 5,79809
11,28362 55,90277
82,8418 65,24319
3,914812 62,1503
83,63738 81,02788
74,59974 71,90196
48,44491 26,71354
18,93673 23,60701
44,29237 3,607938
70,14082 8,613854
85,047 79,18836
51,07592 74,522
48,38592 64,39788
92,01961 47,62353
51,47198 29,35268
41,79898 64,43657
54,08622 20,15491
51,71497 48,08052
38,22749 72,00491
58,96919 61,80618
57,23832 25,67127
47,27411 34,89765
39,55425 82,92346
47,21408 35,88301
50,58783 57,61096
68,47077 28,78992
71,97391 81,08334
71,37682 50,69194
48,24621 12,82611
54,36567 51,39051
40,33886 7,335463
68,69859 4,162565
56,93882 88,15757
26,54794 7,359177
49,53332 52,23297
32,06392 53,14454
39,73752 66,48665
23,96839 55,12346
47,01343 44,20495
24,17454 86,41553
75,19287 44,62857
47,54382 77,39117
58,30548 72,72104
45,82459 57,54684
33,91569 81,09319
56,5457 50,53828
10,71585 38,07912
52,21562 15,52816
32,01441 52,47809
33,62898 66,74708
74,46162 64,96443
16,73178 60,83886
95,17458 70,77612
39,03373 50,48336
58,92013 18,42141
65,5742 39,24143
51,58445 40,67937
43,14301 48,77585
16,81417 18,12252
33,12164 56,90679
39,99562 69,98122
43,1985 24,44069
34,26112 70,22459
41,24545 23,07763
47,49294 77,23325
50,67513 46,41101
42,03259 29,46909
67,03552 69,23219
51,92022 46,90459
30,08999 64,86254
50,28574 55,05642
36,52811 41,13789
31,40333 85,68269
52,96848 75,22172
61,34568 19,64392
64,05536 19,6463
49,79076 49,46765
50,70818 46,94562
25,27853 47,63553
64,13821 44,00324
6,283531 61,56862
52,78595 3,298908
62,90667 77,20636
49,16313 5,820933
60,88223 74,13141
45,20905 56,31255
75,52897 59,41029
89,54733 40,97608
29,6454 55,95792
75,04023 26,08462
33,75781 13,34634
61,17003 54,15218
12,78664 69,47966
20,20775 62,14418
26,24703 9,175518
73,00443 59,8857
60,16804 33,28854
75,2728 92,22506
51,87442 63,85896
14,85736 61,31009
34,33682 36,29441
48,72643 52,15096
62,333 18,55354
35,96286 24,00905
77,67109 85,26758
59,38475 28,80568
50,89908 22,03448
42,00085 50,95757
12,34305 50,38847
51,11105 55,24072
27,85817 90,47282
86,52706 30,90399
47,55072 50,45369
57,59232 45,63847
18,94011 52,64792
62,3547 45,43022
47,75376 60,82902
57,44145 75,21362
82,26405 13,17304
43,44124 49,43657
37,14911 23,33267
48,79029 43,99922
64,68121 61,576
40,36658 36,16885
84,53113 23,12814
77,04301 87,32764
85,99621 39,19443
85,18368 68,71361
33,01779 7,135737
61,03937 27,70548
49,79038 52,89703
38,63713 2,397069
77,2496 69,82274
49,58014 50,08638
60,08752 26,04715
64,69945 50,57156
58,19736 45,04198
28,74367 11,06421
87,74068 66,12329
79,89784 61,59492
54,382 44,07413
64,04115 31,02776
66,32391 27,76207
52,88657 53,53044
44,14267 58,26267
62,7049 38,83941
66,58986 14,37016
16,73829 67,8682
66,87635 79,55519
45,80794 66,08443
41,77312 59,14257
31,68993 81,3522
32,63761 40,57874
52,36034 40,22949
53,19614 45,96798
50,94525 49,3628
47,73764 44,44084
61,97596 80,21155
57,18427 84,74181
74,55236 64,31248
77,68871 69,10335
79,82021 47,76944
53,84604 46,34122
39,52085 25,06771
50,33334 49,88756
98,28502 57,00513
52,70908 7,373497
49,10943 64,28555
32,74189 20,40999
78,51951 57,27815
46,10044 0,2668083
46,38656 29,93392
52,56541 32,8669
82,97279 43,22425
61,58565 69,60038
15,7079 26,34995
49,9698 30,41415
41,3268 60,10825
80,83278 68,8818
50,12672 50,21573
22,53935 74,16977
14,48442 19,9324
13,39142 42,58374
60,85463 61,3224
23,88314 39,14124
81,81114 17,95008
33,92298 34,42147
50,07489 43,4594
28,57332 52,84275
54,76245 96,18913
3,15592 39,69644
59,48717 68,11897
47,09475 38,45959
47,6207 53,625
62,58638 43,00975
52,7651 24,46349
9,174612 37,12578
11,98716 41,25299
73,27067 36,94336
30,74742 52,24905
71,15695 27,99704
50,43502 47,27709
48,64883 44,6576
53,77317 29,87145
51,4744 73,94015
7,457346 23,97792
73,61622 26,15224
31,9999 54,67514
62,89254 5,711034
29,62458 57,01221
66,55198 3,66044
89,28503 80,43717
38,57918 59,87292
31,35992 45,63487
56,78254 53,04646
28,62701 84,11628
52,79022 91,02283
52,23715 51,60664
76,67955 76,46226
45,94674 68,46751
63,396 28,96488
20,7554 40,90422
69,12766 12,00545
47,25909 57,42362
42,50368 80,10561
60,89713 24,53436
51,60337 49,51292
45,11131 55,95634
57,44493 89,93874
41,48861 56,64258
95,26817 37,98953
96,8714 35,62509
67,69909 15,07719
88,82606 69,0538
55,4139 51,12631
48,71505 53,52265
37,54558 49,06939
48,78223 51,729
37,46606 23,6414
70,28826 30,57178
50,89113 43,68173
30,62603 51,03172
23,31372 84,5954
41,38961 97,42575
21,52753 41,99716
62,71018 53,14847
47,63135 32,4219
36,41053 79,32199
49,41802 68,98293
69,43401 51,52137
82,93374 40,5671
54,05103 42,06987
27,28279 34,82337
21,7452 90,83557
42,28829 34,35156
75,27833 55,79617
15,10783 28,63331
53,63105 45,07594
37,74155 84,07246
15,75635 44,73169
75,74377 58,69317
38,06813 29,68016
20,34502 32,5986
13,79118 46,22557
62,7757 79,28096
36,03083 61,29274
90,93036 63,38243
86,59029 60,38496
22,69082 37,60944
77,78447 63,10102
64,43951 31,84078
62,17392 90,00428
20,89817 11,4047
48,09354 50,51116
49,83238 62,5932
19,27291 54,38504
52,82997 69,738
38,36026 56,52668
45,57369 35,31626
26,78079 43,25297
38,0918 88,40548
19,87444 49,83581
47,69235 55,41268
61,34228 57,00145
36,90962 52,98821
55,79342 52,65877
48,12929 45,87419
27,11708 85,29482
4,240534 41,44676
54,80828 89,30017
54,96352 53,98971
30,94773 93,80218
42,03738 74,61408
52,30106 82,05804
10,74212 25,4761
34,20419 58,35542
81,42735 47,93862
21,66975 90,73032
9,107574 34,04546
17,18734 23,15742
62,45052 55,70805
47,24904 53,6574
56,17007 76,50668
69,45955 49,81085
53,12358 44,23411
25,74577 39,6251
50,63544 52,43117
22,84116 25,84728
79,91638 68,7014
25,84248 83,24051
64,47153 26,29771
52,72372 82,41126
51,98589 52,7526
81,48119 25,49846
8,470136 75,2516
67,05916 68,52141
87,73895 49,68566
40,66904 51,22883
21,49359 31,63784
47,99675 45,42101
61,30296 68,10934
17,7034 13,79193
49,58936 49,96268
39,56927 33,76595
55,23951 49,4136
66,55531 62,46701
48,19543 59,66084
59,40775 89,14951
24,09504 56,54177
57,99549 38,26661
37,09633 52,04922
20,75336 40,15607
74,99094 49,73196
8,099392 51,65184
39,71735 40,3344
52,95474 72,1873
58,03796 54,24357
60,23006 53,54933
37,76413 46,82473
53,18495 47,29523
52,58046 49,60448
53,99904 81,02828
45,13986 58,99837
38,96953 11,71926
39,32621 26,6959
54,1692 54,12607
46,98358 45,43931
12,83048 33,14099
56,58453 43,39617
74,77496 43,86901
68,05454 78,21722
22,82168 79,69265
48,90065 50,12994
48,0326 29,67051
83,70024 28,31763
30,76398 41,42159
38,21485 35,49825
40,07497 81,53902
67,72738 79,10281
87,54562 51,14926
39,29223 56,77705
78,19039 79,6828
64,10126 45,21639
37,86719 68,95051
26,40733 85,49577
73,25192 52,5058
93,27482 61,35318
39,24502 92,94236
24,37032 57,76069
85,29305 69,67839
32,04601 30,1626
60,65261 74,86598
56,054 48,52917
71,03724 66,08678
43,50686 33,8411
82,98864 65,53766
50,61712 46,18403
29,68717 26,38427
71,9656 22,3192
52,60901 3,079942
54,50877 49,0927
36,28697 50,42857
59,37325 62,44267
62,32219 60,43699
33,2357 62,57679
65,14556 29,77128
49,85778 50,18756
62,04459 48,72015
42,55872 41,68604
33,86322 90,8291
47,74335 42,05903
55,73219 43,79118
21,45752 70,60837
54,91051 36,6007
54,45649 49,28416
87,78495 78,71939
73,22662 9,690544
77,39116 57,59091
63,5886 22,41946
92,18934 30,97974
40,84508 73,20945
64,21484 71,44501
62,85003 12,41563
30,385 59,74314
56,51405 48,65147
30,54399 8,654401
35,60246 34,74747
46,90388 58,84782
86,27453 24,87114
48,11382 36,03194
40,84621 22,42076
33,22089 9,187001
48,79115 52,01838
71,53143 43,5875
45,39737 14,03352
10,84976 52,52505
34,31363 60,63971
8,989319 61,20686
12,70762 22,089
89,51714 29,46962
98,01048 61,71565
84,83944 28,30878
19,80708 39,43085
75,04791 63,71298
58,78349 43,2408
34,77203 34,16659
51,00681 34,65142
42,08276 49,88746
13,31148 65,27326
55,34293 56,88559
53,86218 68,24224
46,50044 83,90562
51,45452 66,37507
78,08921 58,03396
51,06394 33,92286
44,28369 47,46694
40,97215 91,38155
65,74948 38,909
81,99844 41,76022
46,61518 12,42655
21,89537 18,26163
77,7175 90,22401
11,12387 55,32104
89,73535 72,19514
37,391 52,27442
48,47813 46,71988
38,81758 27,20704
64,22649 81,4463
31,23918 82,80978
33,5963 86,55305
44,49976 62,28936
9,96441 60,28397
21,05422 32,20901
36,12831 40,12944
50,63735 52,34677
60,40916 47,80817
72,84734 68,78911
83,86662 37,69674
83,22092 26,58595
13,64103 37,9871
54,39343 57,97582
4,487431 36,25016
47,42496 25,48458
54,88969 74,59756
6,738433 29,12851
44,80645 69,90512
54,16338 15,68904
45,71876 89,95604
55,52838 51,01159
51,52927 50,55946
41,79196 49,19807
55,33107 44,34496
79,76485 69,92634
48,34108 11,12709
42,18256 44,98385
44,9105 61,96914
48,5275 60,73273
54,39322 13,28147
71,62987 48,16935
77,36839 57,48704
84,51684 43,51157
79,73253 58,68249
61,73393 72,78267
29,09154 16,00679
76,83488 65,34091
49,76374 93,88461
44,59244 45,3161
51,22999 56,48649
63,9955 53,76664
50,24858 48,68067
86,57541 17,30737
19,93128 57,58673
69,519 63,29387
46,71676 51,09109
9,512732 79,09376
40,29977 38,75503
28,09324 59,81228
47,37368 42,89731
78,59804 77,21513
46,20808 54,65266
50,02045 49,88822
60,6288 45,06223
29,41569 53,59417
32,11471 67,56586
8,908552 35,20068
37,35381 62,53995
40,77187 54,05228
54,03491 54,39718
55,43763 52,95291
16,67504 78,79286
63,31198 70,61598
49,34926 26,03039
68,01312 66,18542
87,22647 31,30955
33,76091 38,52159
25,94836 14,79596
50,1866 9,058523
7,938743 76,24153
2,682242 62,05927
40,67249 62,28939
72,15038 81,72305
47,30136 45,62051
60,04273 42,42062
93,55592 32,27067
49,18662 46,36205
55,32936 73,75343
47,4184 59,04536
58,49336 92,60825
50,01842 49,71756
98,19629 41,89405
31,5237 34,02259
54,53363 50,58018
73,46606 65,91823
16,30413 42,77892
94,109 52,70078
64,83261 46,44411
45,35101 54,8433
41,07102 64,85054
86,19895 48,61109
18,88126 47,86759
75,56941 51,26952
85,87697 81,51289
62,0005 64,05925
45,0211 42,88628
64,6086 10,09537
61,59655 81,38084
70,66502 36,50065
20,1048 13,92034
56,95146 37,1739
23,51114 82,9716
48,73475 55,6822
49,57182 56,22853
50,05255 49,58474
94,703 63,06882
68,41248 96,40692
76,06202 70,2496
47,76781 30,66138
92,25948 50,16118
50,01788 48,6153
47,68999 47,86582
70,64145 69,70671
18,60875 19,90158
12,69907 19,86208
46,132 53,17931
50,92982 42,02185
43,33843 51,25963
67,54922 69,60877
90,58657 36,48003
59,22956 54,0019
50,17141 67,60127
42,66274 57,79697
44,23152 45,92355
52,15308 50,08509
54,87384 40,65173
18,02745 79,15325
51,64649 61,55584
6,112713 55,05306
55,41412 10,88944
48,0671 40,47193
50,22654 48,73687
70,47427 13,15593
3,613636 34,42101
65,94203 10,0386
48,25077 41,0112
21,5493 79,60177
39,32985 11,10357
9,178439 27,418
81,33401 79,55587
48,12328 50,01287
38,03253 69,506
60,87425 37,87368
48,61356 47,95827
75,38185 59,50468
54,72478 25,72664
14,59868 31,74842
51,79007 74,51283
27,38935 50,80992
47,83327 48,85218
42,94261 33,23256
59,24947 46,43627
43,24395 68,12708
70,75365 84,45818
66,21384 37,97728
82,61301 46,73816
53,65804 67,22893
45,97699 61,86969
49,40985 50,46152
31,12231 5,481639
24,24541 64,76933
46,2955 49,82451
39,58431 39,81711
28,36703 61,99569
71,97196 60,62362
13,46796 21,6141
38,55959 93,59311
63,98663 34,58359
51,22184 45,48893
60,70744 52,46287
27,79898 87,45654
29,90761 31,50206
64,2994 72,95524
73,9044 60,95201
14,82276 34,54601
50,0033 49,98716
59,21666 50,3771
59,67875 84,22597
46,7434 13,29184
49,95825 50,03574
17,1181 81,95996
51,61762 51,40995
41,40088 76,13651
81,03 21,41317
48,82007 42,89733
48,09887 8,333445
55,14747 87,65571
27,42217 42,82712
30,8586 15,14939
21,84832 43,32171
51,14525 47,5854
77,40697 52,11021
57,36126 68,03345
58,37405 17,9877
48,63915 48,41682
34,45666 46,44143
49,86203 50,5327
22,0439 81,09985
55,15944 91,8149
50,09422 49,50539
53,28389 88,99619
61,03395 66,36285
62,3465 86,10378
34,24202 52,35794
54,19646 58,01355
57,88216 42,94312
76,77432 74,40285
52,4267 49,74074
65,69154 56,75461
85,69282 58,35181
63,02109 50,58738
48,25273 4,492989
36,2799 40,12141
59,96586 44,28341
50,2536 93,26788
64,2495 25,78865
32,83977 61,50806
40,73668 5,947023
67,17625 17,50204
49,12065 57,4232
62,45795 16,5413
34,32556 67,42125
10,41068 56,62235
65,43406 84,19645
37,17931 47,23454
63,43867 61,13323
51,36238 44,95134
48,20469 55,15894
18,04734 17,61431
75,21776 69,56853
60,22471 96,00557
53,16906 47,99126
29,11243 27,85313
70,81454 55,24354
63,64254 67,59661
46,8553 51,82595
87,17954 37,03941
53,88232 90,65507
19,33497 11,12236
65,86389 60,81772
84,16109 37,18523
13,57311 47,01095
46,83122 53,80394
54,92257 66,8231
49,27651 57,67329
50,03146 42,09119
65,76193 7,746005
52,61951 62,76557
54,30928 19,20704
64,67941 70,29805
30,98182 33,25187
27,74201 51,85449
39,53453 37,23769
55,44489 55,97839
40,32912 96,97675
44,27085 46,29524
40,61885 66,25741
27,68267 48,88237
71,01794 56,36639
88,05134 61,00401
47,53544 56,23056
52,50994 85,74111
58,19555 85,52212
76,69952 53,85346
64,02429 4,318404
79,79405 23,25673
41,46376 58,9027
78,87852 29,85236
57,17123 61,95841
67,77489 46,92147
50,03373 50,32985
32,3334 51,84139
57,98782 71,8633
25,13133 57,33819
61,17672 53,34978
29,57707 28,40222
51,66827 29,61493
46,41709 47,05364
33,47882 50,34188
58,52764 29,01126
47,73424 53,56539
47,91974 92,09283
61,82946 41,16883
29,96451 58,8441
29,13833 30,94769
47,52419 43,34549
65,65866 29,94563
29,49282 17,43946
60,85489 47,99469
51,4732 51,91423
47,8707 11,16333
49,45442 51,05991
55,48844 52,09258
14,42138 32,61227
45,37185 45,36285
68,77138 40,53752
48,59983 51,40831
81,36991 71,7559
53,47111 52,89931
58,10785 45,16103
75,45071 59,82294
46,53978 95,88464
54,42323 39,31148
43,42048 33,66012
50,62601 62,41361
81,68432 78,63808
39,92633 29,96963
54,90919 33,47619
76,92995 18,89958
95,78491 46,92931
49,96922 38,30423
28,98402 87,53656
51,44913 51,40872
51,97745 32,46386
49,82811 50,30886
63,91195 40,44542
54,70167 34,35848
48,12223 49,24301
34,12786 97,21105
46,23431 55,51435
3,077197 42,60608
66,79754 45,00656
50,783 49,87249
35,8438 36,90059
52,90644 52,51698
11,99927 51,84702
36,74781 95,6054
65,4252 64,12118
50,43127 50,13
57,68918 49,88961
58,32544 21,25482
69,67938 72,15347
65,14137 49,70044
58,61465 51,09968
46,99277 50,34133
22,73428 44,1804
35,31649 48,29251
34,48708 19,79131
49,78033 86,39223
78,94969 24,13803
24,62933 76,55347
54,31384 42,11484
33,39689 12,78815
50,7307 43,32293
59,01858 9,592515
26,91708 25,99603
29,56648 28,68027
54,86596 46,38788
28,54606 53,8329
36,63764 7,910228
41,43349 12,33759
81,30713 53,57828
48,70721 47,08569
45,2279 57,34787
11,77216 61,93854
71,27084 5,938897
41,30654 70,92439
24,96495 63,31717
65,93719 70,57578
38,60962 63,3445
20,18407 77,9885
36,56239 55,82179
48,51468 5,88741
86,75008 26,71403
55,25784 42,68029
31,2672 79,57587
35,99127 52,23565
44,91974 41,39416
18,03765 29,02914
6,138638 54,50287
47,42561 53,31
37,21037 27,82021
42,94198 25,21878
67,79364 59,94125
46,91184 51,75705
24,42276 64,65288
7,018688 54,69418
24,2151 38,98286
57,07734 40,0386
53,73566 69,48888
53,42109 57,64378
47,69435 65,82007
52,80737 60,65658
68,47836 58,51677
90,38202 30,62205
87,32325 26,0057
69,92011 63,31043
50,25954 62,7242
49,97863 49,69004
48,06988 50,71518
48,9215 39,45063
59,71348 58,34755
67,8504 14,97583
51,95186 48,17982
57,15905 25,52836
60,85354 35,5577
19,20327 55,95988
68,84327 65,71409
37,52863 17,71927
65,87131 65,40829
23,02608 53,81069
25,74919 15,05172
57,33741 39,40945
61,41913 50,19273
57,77524 82,24549
43,66775 76,51395
47,90684 54,92464
61,93924 66,72958
15,86611 45,38417
80,97134 41,32602
51,6666 51,23902
52,66269 44,4094
28,53543 57,47055
40,54752 65,13467
63,40418 65,22126
24,96645 70,25984
98,137 47,93115
10,86084 60,33727
51,83753 38,95631
3,172988 49,55804
33,87062 83,64641
23,98291 48,19754
21,00364 56,20815
36,752 61,44955
48,54436 51,9213
84,89524 63,49076
17,651 73,47509
21,33344 69,34241
48,47557 50,01831
71,60728 53,7108
38,14864 32,95834
41,78114 56,94706
43,87345 28,86178
66,31168 43,92316
73,72446 28,30365
46,00652 11,84894
26,65573 56,06271
36,01074 44,65266
25,51151 85,53902
26,95028 27,16315
31,37953 46,54481
48,55413 45,58093
59,78472 51,39398
28,62767 74,89505
42,2085 61,60921
97,92888 63,09975
59,07209 35,67975
61,91415 19,27915
21,73082 41,92023
39,95414 24,17951
72,68275 49,77753
16,09958 63,22731
68,54851 46,26174
60,9476 65,14823
40,37404 48,61355
93,76075 63,30017
30,94756 42,60359
50,5717 49,05016
41,07405 60,2221
62,50709 56,05541
64,52518 10,86283
85,41722 39,00593
49,63103 47,29171
65,91659 88,91276
49,93668 48,48528
91,55408 23,1348
54,19533 90,93559
85,69446 39,13548
47,4911 55,53161
55,27975 0,5674511
53,62165 84,57587
45,63726 86,14849
22,68588 40,08544
31,67157 81,00319
68,8491 54,64866
53,90924 62,80091
30,48311 54,73895
51,02717 28,65697
37,4686 59,39708
52,2473 20,98119
11,80123 28,42983
41,84583 66,4498
30,26741 45,93782
51,24208 50,85891
23,64612 71,38445
64,68504 69,9078
75,66033 72,20269
43,4139 56,28168
86,0234 34,52645
88,49464 68,48701
16,68103 67,10269
50,84382 53,6396
77,61944 28,29113
8,548355 47,2795
55,19451 51,89882
85,31528 26,74046
79,75697 38,18201
31,45344 41,37164
2,724761 37,09938
40,60336 4,330566
79,3541 29,09712
48,7313 59,96353
42,87022 35,67797
18,66144 86,87837
69,33968 90,42158
41,90262 36,276
59,86755 27,58005
51,02745 51,72358
42,33572 46,65932
45,84094 49,96826
64,44794 72,21558
49,28422 60,42604
59,44785 65,3268
61,1359 98,67751
64,50003 89,03529
1,470137 39,5098
57,7907 9,039927
68,66689 75,67545
71,85809 69,61297
75,24077 41,68679
10,57076 26,26182
44,68691 99,31548
47,36334 54,09723
14,78064 50,14552
57,01533 10,35206
67,94492 64,36999
44,33586 93,76495
19,33938 84,18348
53,4271 36,91534
81,39716 24,67742
45,57883 58,88055
73,16529 48,30825
46,3441 48,81265
47,21234 44,24366
48,69907 25,53575
79,80428 34,62055
58,85051 44,47213
35,21308 50,08592
62,12194 39,18943
14,96603 14,67101
76,51107 62,05573
70,27837 94,76581
4,157442 40,09281
37,63246 52,97927
61,7587 22,9687
82,21399 45,55598
85,63953 36,37664
50,46584 69,33846
88,48637 37,73147
58,33082 17,81484
58,76641 26,22694
17,50011 23,67189
23,35652 40,58216
40,8975 51,50239
43,56411 15,87249
52,13168 55,36879
78,40031 39,6244
85,27149 75,07903
48,4437 50,88476
23,69179 57,38255
18,97715 23,99285
55,50027 47,32564
59,92169 30,89547
55,27121 54,64171
66,28641 37,76802
1,618564 55,77296
22,185 15,71545
37,53168 52,86701
67,90497 80,96653
71,22901 42,76504
29,93902 80,18171
67,57833 68,95985
55,10432 91,11906
45,37856 83,05809
55,34855 16,12523
47,00766 41,90513
51,29164 27,22437
55,21566 12,35724
49,90847 49,86237
54,85718 15,93018
46,4805 83,00156
46,45749 50,43263
51,59187 1,843715
74,03455 88,38484
54,91013 82,39886
71,14458 47,55574
53,99921 0,3735304
31,81692 72,80682
55,33525 51,24088
68,41523 72,60965
45,76969 55,89201
41,65633 3,247327
51,31511 20,5701
83,70985 13,36985
67,42043 33,38663
35,81342 85,80347
23,20665 67,98435
81,66882 67,91996
58,69239 18,43035
46,47009 11,94624
43,91005 93,05446
77,85344 47,71524
23,23768 22,77478
49,75197 27,51135
37,05716 79,4199
66,3783 3,072274
37,50477 56,67181
15,02892 46,00266
51,08643 49,64652
27,69143 59,48871
78,14591 82,53884
52,7493 58,19698
80,73739 42,53849
81,87983 88,38628
51,07766 20,30479
36,16421 65,25425
57,99076 25,61798
72,02971 22,68286
39,18999 51,10029
64,61722 69,693
44,76707 64,42011
57,99097 87,03121
39,8173 48,40834
54,18594 25,77129
55,23117 5,585617
36,9623 90,20221
49,23907 8,655673
56,66358 73,60809
36,82388 62,6187
50,0779 35,53026
50,7286 49,14357
37,9419 40,0049
82,46614 43,48474
27,38226 44,17022
49,85962 55,35561
51,75543 51,77917
39,91086 46,60763
72,49722 56,38384
36,8168 63,42452
17,61629 67,83087
80,27743 55,50894
45,4253 53,17169
50,77406 46,23339
90,75298 26,94934
84,55133 57,61888
57,76919 38,6867
42,78971 54,58049
44,25689 96,413
38,60136 46,00879
29,95996 40,84296
13,26531 20,67543
51,41826 91,91272
84,72975 40,02132
72,22019 8,035702
24,38919 63,77594
87,66054 18,55431
80,22942 85,91112
70,32641 83,49812
35,62449 34,70893
38,92482 37,34163
23,12246 35,16409
6,2942 55,64793
44,32582 48,94815
47,15763 73,27364
5,110574 46,30592
50,0772 47,16535
56,12019 48,49132
36,45229 26,23107
41,75804 70,99561
56,37715 43,21348
50,15904 45,47614
23,23082 65,85684
17,83601 72,92423
68,16947 64,00908
60,19657 70,46512
67,09409 70,01871
31,62143 56,01309
56,727 20,78072
67,27563 14,14687
59,42037 95,35304
66,85966 66,19141
47,89373 43,8863
30,66522 67,01059
69,19627 45,59893
6,798363 40,52795
41,60321 63,46363
13,51578 55,52331
52,61191 51,51385
24,15569 48,22407
44,85397 57,74714
42,3054 64,86536
42,77632 58,22841
41,30848 43,14849
39,94045 69,91541
46,86283 51,87783
28,76622 53,03433
48,79451 87,32607
84,49757 42,91064
32,36561 54,05877
50,17669 49,46196
65,62725 74,9138
67,864 67,20174
56,03593 59,03539
46,05982 47,66263
50,30813 79,2643
58,33531 28,93057
31,62084 38,52489
48,72767 49,88699
21,89213 52,19252
78,57437 21,74242
32,42087 39,54962
49,34685 55,06691
73,71832 56,63387
46,57969 65,49789
35,82756 46,16595
58,53163 55,68568
49,36144 47,33409
46,91779 66,61398
68,37875 53,59401
67,17514 9,802732
79,807 54,81956
76,46735 64,01686
13,1042 42,81809
64,36257 35,83001
30,82689 4,561171
