4224
46,90883 3,023881
37,48506 7,161987
20,99193 18,56299
15,39057 5,840999
84,6709 2,312475
46,72833 75,12148
82,51799 47,35816
28,84949 16,35666
31,15716 30,44177
56,72326 6,771636
42,55314 4,328054
42,59118 19,23542
24,58961 8,198112
37,53132 7,807255
50,6806 52,87635
50,00336 15,92914
28,15765 68,81027
36,25049 31,51833
61,08635 17,39784
31,2428 23,83555
22,1676 18,84094
75,06992 23,76921
37,04448 30,46213
33,55122 12,95418
48,39378 31,90069
49,85324 23,34517
18,98189 40,9718
81,74246 20,09388
48,74007 7,053828
20,83042 25,8938
25,37992 17,32237
56,2618 38,76248
42,26653 41,61702
44,24981 15,01817
57,55033 29,85632
54,32038 22,66397
17,90276 80,66974
25,44346 11,31223
37,22925 28,07678
28,11192 16,99164
33,81704 14,77759
15,39772 19,71848
16,52067 55,50847
35,19481 63,34715
20,63278 34,00313
18,54339 31,01081
22,67428 6,646621
42,71003 4,36266
7,766917 15,79874
8,33768 43,392
58,50555 6,934542
46,61283 23,75435
72,86535 18,09576
59,74004 0,1526654
65,55519 87,37427
19,86633 39,56107
9,422432 75,80737
54,23758 65,17506
64,34692 48,80111
41,57042 7,765574
28,17184 29,25833
81,12382 53,32112
12,6862 66,2981
44,61526 2,549559
26,68933 7,107705
16,05856 73,24573
60,54491 49,33494
19,57608 1,984423
58,59485 47,42502
32,65088 21,22666
43,49149 4,140317
15,66242 30,40429
35,42082 22,76381
59,3671 31,28367
42,94308 30,2427
33,99942 6,085062
19,60902 15,60318
4,788859 3,536427
21,70663 72,68021
49,01646 9,425563
67,64382 60,74161
21,77843 0,2445102
39,16117 83,24605
26,20675 80,45816
55,85396 17,48421
38,43077 58,71592
29,66701 3,388298
59,06476 29,13098
50,09767 34,54001
65,33 10,11983
22,30479 81,4368
26,95207 29,57609
26,45525 6,263554
13,61088 22,65577
50,73639 24,4965
54,23289 41,06961
56,80519 12,28787
12,24288 59,87231
19,72886 23,87675
81,78884 13,16155
54,34405 4,672754
46,10947 5,262142
10,81347 74,0434
64,38931 3,506446
81,23875 12,21083
52,7107 25,77733
62,77269 56,74633
82,91546 31,81845
22,75323 29,37621
76,27734 8,091986
67,97713 31,95013
23,76453 14,80381
38,83046 19,73978
49,46854 11,60363
51,71964 69,24445
51,15707 17,45124
50,19457 65,31219
36,06396 15,69905
33,62843 34,17514
68,41791 15,43512
83,69919 54,71056
24,86431 4,191875
30,66438 7,803428
21,59783 25,92343
7,913107 5,713415
40,58704 9,156567
15,23624 27,55076
2,641776 60,98162
35,45042 26,92285
61,0679 70,26562
25,01709 81,0741
78,16527 9,048372
47,4325 29,36047
38,95601 10,10234
18,32255 9,344888
18,30773 6,669134
7,22627 31,48859
61,91632 1,465589
17,58982 0,2648234
29,35516 7,49535
23,58028 22,68032
12,15151 39,61724
41,90619 32,81158
43,62023 75,7012
75,54595 38,62898
15,63551 78,06329
53,69011 12,52916
47,52954 22,67627
44,79346 47,70884
74,18072 35,14098
40,81212 41,64718
65,6447 42,8017
13,37502 5,399686
16,96268 4,793864
34,67805 12,98007
59,17136 9,626842
37,39619 12,36887
53,46899 5,565518
38,36935 36,23023
17,28888 4,963565
64,18003 54,29383
64,10072 81,67299
80,54458 10,08758
65,15232 24,70721
75,39557 37,76617
23,89598 3,473687
37,61201 10,24314
71,92508 75,02719
39,29908 56,34692
89,21461 60,31604
33,37252 12,8208
48,65927 32,08077
91,0024 26,55187
49,39858 53,88621
51,09003 10,00618
21,01943 20,39864
49,98819 15,15133
41,1524 58,50636
20,79842 17,76368
51,18042 20,47863
62,69456 63,97321
52,70758 19,09839
39,86688 16,89491
54,67925 48,00187
21,78684 17,10005
54,78449 15,84978
35,62214 35,94393
56,72366 3,146636
11,95164 15,29085
29,18625 49,50959
76,18546 56,79849
23,06086 26,36163
85,43945 51,53778
36,70897 6,434912
58,85943 7,151956
54,11797 23,96503
72,02312 26,257
65,40177 68,64031
52,41846 62,91924
70,94078 22,50357
46,90599 15,85261
19,78761 61,60738
30,26657 6,37967
66,17998 42,79552
14,88609 35,98264
20,66508 57,34698
15,11038 35,36556
50,9298 45,56922
44,96659 31,67153
31,11647 21,32158
61,70981 24,41557
17,19382 37,36117
89,69267 49,87602
26,02823 38,08564
50,93516 32,3468
48,12144 63,7756
17,08315 15,43732
64,71593 23,00687
79,63535 28,03435
64,86639 72,77772
42,17427 16,04555
44,14307 58,36806
31,63404 68,17966
30,64287 34,86131
12,1356 9,125286
81,66114 1,68677
58,45712 15,9377
51,7083 20,68346
45,20147 4,172575
89,02922 6,179059
25,71958 4,050219
53,75199 47,09872
19,25258 60,93535
5,943154 21,94468
37,98975 28,49591
46,22079 41,6562
30,50218 71,36146
11,18897 52,93907
32,07448 32,1913
36,69764 29,13071
55,56955 2,309722
15,72632 8,1339
69,48546 43,62621
60,53947 12,44244
56,07822 68,69788
69,13426 39,64609
31,15164 6,414419
41,59243 53,15236
35,87815 56,75727
44,52557 39,8857
6,573508 78,43571
22,81408 47,84096
45,67334 12,34378
27,79158 5,484098
27,60471 33,53137
26,9946 1,483947
14,9823 44,03687
17,14303 35,92237
12,88874 12,8867
45,75401 35,75368
1,44641 65,42805
36,26896 38,68869
24,80934 82,24461
57,54493 26,35974
48,24332 25,70961
55,90513 27,87569
70,89252 35,22
11,76491 34,72816
25,23925 33,03088
30,3188 42,82619
64,8884 10,49734
80,30472 34,30167
71,67499 40,5007
38,66854 19,72503
20,05596 45,03246
59,01789 46,11414
36,87819 56,02431
38,56297 2,491754
23,69642 19,39449
89,75526 30,23391
18,46538 52,40523
9,204055 35,80431
60,491 20,86755
57,80363 56,86395
36,6603 43,06704
50,99471 7,723218
28,44078 21,79751
41,7341 29,09315
54,05711 20,42349
63,91686 68,38097
60,63015 45,4209
10,34375 21,68292
44,02863 32,35211
92,41023 7,248765
61,97781 19,54633
37,44997 3,596342
47,97673 45,90693
48,09063 50,44946
52,33194 8,184558
26,41855 44,68408
35,31799 8,809656
31,92136 25,92878
15,78892 38,89918
36,64042 20,4341
66,29315 40,79354
4,890056 3,955638
20,75341 58,83062
53,58574 56,1507
25,58588 47,59013
59,92351 37,18549
79,55587 37,2354
41,07605 12,54497
33,66364 5,206686
13,9575 21,87896
49,42482 2,327925
56,55226 15,81973
64,02935 15,83474
10,5237 2,684987
80,45889 21,02896
44,93159 57,24936
79,43694 37,48029
45,7061 27,47154
39,4883 52,52058
23,04826 60,923
59,94796 0,2073348
67,66139 28,95034
33,57553 22,25586
65,50262 19,33135
80,81948 40,38294
14,39593 61,16182
73,6531 29,0909
70,92565 17,01545
19,80027 38,2299
22,61735 5,406284
47,48588 28,5482
52,59938 9,03474
42,83136 27,18763
42,28693 2,378798
25,77386 21,71976
24,08486 48,17917
64,89463 47,18047
25,6562 56,2155
52,65652 69,0023
52,24902 7,938939
30,11718 38,50878
38,76854 19,13484
76,78024 31,07471
14,11378 17,30419
64,80635 19,22885
50,55166 14,33188
44,48546 35,7467
37,05348 23,78334
11,37359 48,37718
23,66859 12,203
60,41559 15,83672
37,56583 7,937449
30,72647 0,9552777
21,17179 7,028866
23,78775 53,89373
36,87986 26,88572
36,79871 2,934766
76,77879 8,478904
31,9181 58,27675
63,24122 25,57252
74,44507 17,33501
57,70352 33,39371
33,09411 46,69115
51,75149 17,73569
36,49343 7,000667
77,5542 19,91904
6,145798 31,85696
75,23425 58,1485
58,79018 47,51557
24,58337 50,59743
46,13132 29,41986
34,2931 13,3917
59,38252 6,558287
12,4484 7,740915
93,9914 46,94308
33,31942 7,494271
41,23668 84,79649
78,71768 4,290068
33,73691 32,64344
34,75854 79,71542
23,1472 51,40797
47,45428 9,24179
84,5977 33,58583
32,31426 14,35272
55,22578 33,17125
26,84199 18,70214
85,30936 36,71926
87,18985 35,52075
54,97206 15,87343
37,49652 38,03389
28,90811 13,10548
46,35966 48,06358
2,605924 43,62933
71,57314 4,277116
35,68021 15,50338
21,04852 9,699851
89,92551 47,75834
51,48802 9,74732
32,44784 39,71117
39,87523 52,03588
39,10949 29,34614
15,74836 40,26505
28,94146 29,89171
68,66939 12,56179
19,14202 30,04245
58,64757 2,338392
38,91308 95,6741
30,56098 34,63771
12,22788 18,42116
74,67825 7,116544
68,44848 20,87694
39,47066 90,51804
36,15139 2,570772
35,96581 70,9751
53,07938 96,33675
50,70584 2,305597
69,34908 55,67661
59,03238 40,40324
13,4526 37,43512
56,69699 8,886128
88,20019 18,89108
51,29548 29,49303
21,44694 15,02259
5,426057 20,22262
14,75742 15,28778
11,64832 41,89961
48,98029 48,7827
9,521477 50,36263
15,02336 91,77895
76,56127 25,05081
88,02492 10,29638
33,8203 28,66471
26,64562 20,93485
26,03212 24,69809
39,3863 39,01083
77,17818 9,616214
13,68428 0,1470149
41,68687 25,94611
70,49301 21,36766
66,63324 15,9745
21,53701 25,30017
16,49055 22,25217
41,25637 48,26152
62,52232 68,53162
25,73296 76,43576
39,46841 48,15268
42,27941 32,39698
31,90807 15,08831
65,00716 22,99834
84,19652 41,26681
43,53621 51,63131
36,46106 28,32762
64,56062 12,30257
46,51185 59,98098
29,23853 15,16427
16,35999 1,934254
15,10517 38,49509
39,22471 50,08686
65,87527 58,25661
42,92899 74,54888
58,46901 17,41338
71,20279 73,39443
39,01871 12,34549
30,74906 6,079846
82,62257 23,38227
28,04058 4,861874
5,323617 12,64856
32,28693 42,05839
25,94349 38,90708
61,54834 39,72103
70,88145 19,28848
7,159814 11,77292
32,31929 60,38251
19,90311 9,868586
52,50249 12,72193
50,10918 37,85876
11,17096 25,82455
62,35091 77,18674
51,84997 43,12878
35,60757 15,10618
26,49543 24,10666
55,49712 60,16564
32,46002 43,67759
65,03532 6,35944
43,71054 89,51792
21,00846 23,54397
46,16213 55,03682
8,055396 31,38991
72,38609 10,41522
30,48776 60,54266
26,82102 2,839583
11,83974 31,35326
80,92989 51,60552
12,53881 15,46485
72,29381 21,0302
40,33138 80,04318
59,12143 20,22069
44,63102 36,41664
20,07045 3,836179
11,51238 31,74977
13,0316 43,35285
54,22207 45,38073
42,836 27,2831
33,91109 33,42593
54,17668 32,80959
29,13605 39,61976
73,76239 88,46938
7,904862 2,85207
22,59967 80,40255
34,23023 41,37144
65,31667 0,8564413
63,83622 16,97079
33,80032 2,470362
95,68802 46,68668
25,54051 25,52837
62,90582 17,20894
68,68345 61,28615
56,92303 29,46905
37,02844 37,70702
39,49494 5,083364
58,33838 48,67777
73,10596 49,80547
22,4672 32,36033
43,20811 18,89515
41,16427 49,71967
46,83808 8,125841
44,12373 11,57147
77,66586 8,935571
49,54304 9,896601
4,397196 45,47197
87,90826 17,74023
8,558674 70,71228
64,52351 2,55211
32,24883 3,434467
44,05289 52,97965
29,2636 39,79509
34,20865 69,46928
33,7452 22,29199
32,9172 13,16005
7,942961 79,08899
23,72166 88,22063
49,40186 25,12055
37,65113 27,8466
71,46447 21,88913
30,66636 48,08001
19,55444 9,980202
11,57232 95,00519
38,13602 40,00855
86,26967 15,22381
26,26303 79,71783
67,75549 6,063747
22,71513 3,080899
34,51334 57,42102
44,36295 8,031911
41,29416 6,013709
25,48762 11,00436
16,82021 12,26812
27,23796 3,623486
42,80927 41,6734
29,54383 7,559914
33,16956 22,33444
11,84779 0,7050693
67,05373 38,76649
66,62427 61,26846
39,62557 4,653281
49,05514 65,41403
37,64686 1,660913
53,1896 23,81134
34,58887 65,70614
71,90543 12,77882
44,36189 20,23974
4,141191 70,23871
67,12674 7,836527
79,57037 56,86054
22,53898 1,011634
54,43097 3,75458
15,89229 27,27493
64,34087 38,37088
67,26345 17,14144
25,24205 4,869252
87,52053 29,80422
16,27767 83,28308
46,37143 5,791229
36,79986 27,87734
29,91271 3,873432
27,77147 52,54493
52,78579 70,70802
80,08139 58,57027
44,97024 18,80329
35,02417 15,95463
82,47707 67,63702
54,60695 60,45018
66,77119 42,84727
41,47662 59,10758
97,6387 41,6038
68,70088 45,89843
3,539146 15,55129
3,998481 29,10773
40,04597 17,80989
21,65511 61,85492
64,62608 22,89702
50,05919 68,88756
53,98024 29,82596
32,61232 77,65539
51,03546 9,664064
19,16245 28,4865
47,98661 17,43221
16,81254 2,367628
38,86426 66,39095
65,35998 75,31274
29,67562 19,91298
55,38987 82,18399
16,38348 0,1938045
57,6124 15,70227
55,60604 14,69896
10,54119 19,41387
27,28359 65,82793
43,41911 58,58141
79,63305 58,81789
54,12041 13,61532
15,00434 34,56155
81,64698 26,77261
41,36156 55,5048
30,76452 6,545955
76,12401 23,82553
52,17772 0,2521694
42,48936 12,07081
27,32083 8,31381
19,45901 37,02126
53,45227 11,54918
78,83498 20,02727
30,60452 4,590201
23,91484 6,520617
36,52915 11,05258
43,44967 21,88152
41,62722 48,65305
77,65266 1,015878
65,69936 62,22265
48,45397 32,516
70,13338 10,56733
13,61909 5,164045
50,74133 40,37246
22,61523 29,55394
25,70319 17,30496
75,97429 3,09456
13,56592 75,20281
18,92449 74,21595
31,1954 48,84212
5,888004 4,83402
52,20311 21,5361
48,83046 36,0322
37,65313 76,89109
28,41644 43,19011
46,69736 31,33184
26,12634 53,15825
67,90198 74,66218
41,56951 24,45176
27,16634 22,13098
20,19081 12,37816
29,19502 17,64226
48,02187 12,95519
27,49461 30,37016
9,894816 36,29891
58,42398 9,034735
40,58544 40,29272
14,2621 33,35952
58,91815 15,36388
87,35181 43,76441
58,49427 47,80112
55,84338 29,92461
44,47391 0,2242267
41,83015 14,01221
21,81282 7,076472
56,64593 19,32756
22,19557 84,09649
72,79121 20,13959
6,382053 41,35882
37,27954 35,63039
35,13615 70,92651
26,05371 41,03106
22,94888 42,91228
54,85808 10,72325
42,52037 45,6444
49,53765 64,1347
29,42852 30,11974
53,37315 30,16838
43,77525 48,94048
31,63334 45,01609
45,84268 70,86864
32,31409 26,17255
73,86521 45,8074
41,81944 47,23285
34,01237 91,71863
19,54313 20,57817
79,04956 42,24295
1,478164 28,13794
32,58415 39,83348
31,40131 43,26979
43,17174 0,6008923
37,59764 13,37466
62,75523 49,57058
22,22744 16,39503
34,57404 48,82281
50,03698 21,24937
83,2132 10,72764
63,51049 57,48656
73,44893 61,59325
46,73703 83,30549
18,38945 66,47216
35,22435 3,626835
74,25623 18,66968
9,922055 32,60696
16,12784 29,42821
23,90895 25,32948
25,48848 72,1431
24,03997 42,65939
28,6715 80,02547
70,57758 51,38087
51,87461 33,88537
86,77415 29,80017
65,75071 11,2921
26,50667 24,9747
81,62431 38,33017
15,59862 10,73798
33,93321 41,63874
27,72719 2,318376
28,02174 18,76407
11,09083 6,053704
33,71425 12,346
56,80611 64,75414
61,69028 65,77573
43,03104 1,124936
64,64713 12,69659
59,35213 25,11594
88,60646 26,51771
35,42811 5,583227
54,25311 1,733917
60,27182 58,71878
84,9659 33,3011
14,50034 0,3696084
57,25893 7,009035
22,13346 28,78178
10,56119 55,18367
56,49556 20,99767
51,90383 15,33862
92,7501 33,04
49,00834 46,16639
45,89831 58,40461
59,18547 35,25122
62,87777 16,09991
30,34697 41,32619
31,30214 85,11531
82,47521 28,22015
16,92164 16,66858
12,31076 28,0296
50,15728 78,90489
37,3139 54,02886
78,80756 55,33389
56,24955 51,00143
25,4433 21,622
89,81448 83,1341
43,99434 24,89314
37,32857 73,81239
23,63031 4,433364
19,31897 3,593582
4,573161 46,23653
20,24732 54,17962
37,31638 4,376453
41,67857 34,53547
75,6665 3,235435
81,41183 55,94376
63,54068 69,69541
73,94234 86,0815
55,11618 16,25768
61,30152 13,21567
71,56332 5,225515
20,41799 14,17548
16,58803 54,21631
32,85368 69,81906
23,42373 13,18724
21,17189 14,20795
41,40673 13,96285
52,09597 8,914715
23,99877 87,68723
82,32391 45,11017
20,5618 4,043656
60,70036 19,0376
34,51398 35,22111
26,04034 59,97984
43,73184 27,34945
25,97445 60,45934
49,8723 26,09413
38,4118 22,12392
59,72494 13,96598
49,22911 10,52302
52,57558 36,89431
43,44736 58,54149
62,64756 46,84612
27,53448 6,315249
78,68066 28,47053
64,97587 16,14232
40,73417 22,25972
48,11966 58,2396
28,27263 95,11829
12,45508 52,10297
54,26797 19,33344
35,6977 7,14823
43,12068 62,43592
19,79791 18,82777
16,22337 2,860242
29,45468 1,824617
93,1797 50,22043
20,66268 61,44934
10,41708 36,54661
32,45071 28,16197
61,59764 71,11984
86,02737 11,93734
30,22688 80,39369
37,96716 60,07943
39,61963 77,73287
67,29654 79,7971
56,76215 3,9244
49,86446 19,48388
25,31659 61,97273
34,77768 7,784432
41,73825 0,9891987
74,58517 7,816827
34,65277 28,10849
22,45886 68,2283
44,48103 6,58651
16,15969 94,27221
94,27209 48,313
32,99744 17,58075
29,93686 21,74011
85,23934 3,729731
19,3741 48,76702
57,02914 55,51649
80,94947 17,39886
41,13492 6,793374
43,1214 58,51544
38,29626 11,35311
27,87017 14,48078
26,64453 10,93801
78,9324 13,78639
49,51817 48,59806
38,63669 71,93427
70,4493 11,73531
25,21844 24,38297
80,9166 13,39977
36,90171 1,565677
10,3556 32,01086
57,83175 32,89217
47,78142 33,97902
32,3236 71,67161
85,45611 40,28184
20,10295 46,20568
76,21017 8,028406
56,86677 34,04679
52,61773 23,79116
59,93428 43,74318
21,33127 15,70013
39,0738 29,00047
36,5859 37,76434
45,89716 1,805604
8,313295 30,43755
42,43144 54,92498
20,58295 17,35291
16,6316 41,89646
95,28571 13,06975
58,61114 36,84631
3,276829 24,32042
61,43582 28,41406
40,93814 51,94594
13,15683 13,26918
53,59276 68,55598
69,79066 28,34299
62,61052 74,22157
88,21876 13,12702
21,3201 22,29723
34,35892 52,50664
27,58455 56,96381
32,56911 53,78247
65,44888 21,20714
36,39076 35,16642
49,07241 54,30991
22,43016 39,68351
38,96445 34,51843
90,99289 80,51353
55,90932 61,89785
29,61541 12,12814
59,10779 15,3032
30,9437 7,886666
17,48 69,74011
28,1689 78,5763
20,31407 36,00969
24,44784 11,04284
61,12177 0,02501011
21,71726 23,3292
54,56608 69,65257
33,17847 49,31406
45,37234 70,59527
83,54055 55,3619
56,83934 87,49318
19,43957 25,24457
6,707499 48,99362
57,27649 17,24784
27,99017 10,27924
35,54108 71,61162
40,25144 65,54314
24,67402 8,180875
46,59828 70,94049
34,54528 44,76125
25,61202 10,33647
11,41941 13,56158
54,88083 3,375036
41,53316 68,18253
83,37847 20,96617
58,45918 59,51508
39,18654 28,49199
10,40361 31,20362
9,574045 11,84807
20,63058 29,65842
29,70166 13,67168
13,04408 10,20258
57,10221 11,09585
29,47795 47,60326
54,29294 49,18551
57,2109 63,58756
26,7898 14,32934
34,95102 24,1811
53,58292 9,901512
19,80333 27,93183
26,28075 34,27953
22,20243 25,54364
76,63526 7,595038
25,84514 62,94875
11,64807 40,92533
12,25414 27,96139
7,812599 12,82674
44,58778 16,63466
91,28957 20,89149
60,15331 16,15189
29,88905 47,35604
24,75546 22,76248
77,36846 37,88468
43,16055 56,95316
71,14793 81,92248
81,1553 33,92776
28,09771 22,20874
32,0985 86,80357
66,21994 39,75302
14,25123 8,589381
65,66878 5,984247
25,06422 2,068621
7,264557 40,04582
34,94607 4,842353
88,04802 76,58507
22,00008 1,951301
45,20115 26,0195
36,54733 8,295584
31,76103 32,72367
24,08926 33,95373
18,99928 15,67549
98,5941 14,59852
37,18622 8,841949
30,63852 81,29944
33,833 11,56706
60,52153 44,80737
50,39346 9,812093
56,99056 23,41461
37,8308 3,556305
47,63969 25,85805
75,53294 41,96997
73,90813 32,66039
74,82469 63,33741
55,27954 20,34464
35,92466 59,25677
65,4612 86,17823
2,409117 4,864824
50,15534 7,12474
67,09274 71,00736
4,005877 15,24962
31,64797 3,546333
70,63338 69,17211
34,69837 23,69628
39,5499 27,42248
19,84949 12,99714
43,36406 11,64119
9,768827 45,20849
71,85872 7,109862
67,20316 39,8157
31,65573 15,42298
39,26014 16,92484
45,80191 6,386447
61,56749 50,54886
75,4196 2,498543
79,97275 5,026012
7,13252 31,33556
46,63567 42,06944
49,48113 3,810585
76,76983 15,09504
27,91601 31,17588
25,54886 32,77598
6,617482 10,67879
4,867509 52,96428
88,10773 32,54384
16,5756 31,00098
57,45078 24,55404
25,90154 27,61158
15,72072 91,19197
27,37862 55,16169
47,67501 1,54717
74,60651 5,414385
25,99923 26,13116
24,0174 55,97127
39,63435 49,46858
45,26045 41,40101
6,809755 21,05188
75,56406 3,249371
23,53043 41,9586
35,53144 77,09144
54,06153 16,38972
21,04233 75,05972
32,85224 54,74318
19,0574 23,15538
84,5696 63,26217
39,42657 27,0323
24,88139 12,40897
28,27501 82,0099
27,88236 56,49756
64,01681 22,93224
50,32269 19,46573
24,04408 17,07223
38,22963 88,34792
80,39424 39,62501
27,37157 18,89962
13,11895 53,94305
84,89719 38,01007
53,95764 64,30573
77,68164 58,90903
16,47482 38,92105
35,13372 14,84378
44,79461 61,78322
47,60829 19,35667
68,4018 79,99825
9,945926 51,85925
26,12801 12,45514
6,778413 2,793932
56,20837 62,27684
18,45279 33,92489
27,29859 45,95231
57,73599 48,67714
24,69602 11,72392
31,10169 56,94734
31,73366 33,90256
26,85469 48,26557
20,93724 36,927
7,29659 32,30941
60,97948 45,75438
70,07663 1,87934
26,85899 28,22243
27,08912 40,97264
65,58825 7,120991
63,89398 8,014906
63,40474 59,04053
15,07705 37,89146
54,11152 65,25109
54,56142 74,42184
66,20916 2,653903
39,59918 13,91261
39,84942 42,70841
32,97275 30,15102
69,31184 16,59542
56,47265 24,34303
21,91626 57,83743
9,454433 36,99701
54,06232 19,15459
41,91056 37,16084
79,36458 42,9123
30,72795 9,11647
39,03937 6,094998
24,80451 68,95973
79,57692 21,16756
44,99584 29,76989
46,70968 37,33741
34,85719 13,91393
20,25121 55,60219
54,40373 13,77404
27,7975 14,65524
45,35121 25,60112
60,46348 33,89562
30,59812 34,79176
20,76311 42,82701
62,96214 59,03049
23,14032 58,66984
29,37777 8,913344
43,45179 53,69513
2,821341 12,57269
39,77612 42,00771
23,07827 19,54102
30,60812 56,71464
27,01494 29,79457
30,70458 21,7491
0,9981534 34,51831
34,01574 8,516085
27,5354 48,15034
47,42474 27,77008
56,47406 69,88803
58,34182 27,20225
15,80829 24,78076
25,40931 5,616945
33,98245 16,52794
23,1679 49,29573
54,5744 7,991803
26,46038 38,31649
7,021401 31,11531
36,81591 15,57708
22,99293 1,892406
5,662805 11,43377
59,77768 60,22487
73,37825 71,22339
21,61313 63,18157
53,1983 31,90846
52,89166 5,317015
42,11211 6,657749
5,222447 22,1153
39,45463 11,2444
64,31559 23,59724
52,95777 78,10781
32,00976 0,1104295
54,17036 28,23234
27,43666 11,96637
33,38647 55,43563
47,93587 4,707563
35,19124 56,16651
49,0587 29,14462
40,88652 17,66487
22,06981 21,76741
96,44643 13,48265
21,15952 14,50325
31,32345 51,09081
15,87762 8,47742
23,46723 68,32001
47,94049 36,08164
47,28723 74,49713
85,24197 25,26399
36,95505 15,9041
20,67148 35,1403
19,88076 23,83222
24,11554 35,08066
30,1704 42,85508
31,46673 30,94535
32,77882 5,634779
27,6255 9,953255
30,60047 46,61595
40,06914 15,7822
31,61069 11,90376
22,69345 1,697022
42,02481 22,4301
60,61443 4,822123
80,8162 51,38511
34,62239 13,58016
64,38191 60,31252
20,54968 34,29168
47,74508 13,44802
60,55821 24,61635
45,27627 17,05229
19,84666 3,421378
54,75724 8,434725
21,07884 35,80576
67,27736 7,99911
21,58312 44,94649
27,85439 63,11732
17,97053 31,89521
21,07934 24,72334
54,36813 35,68539
45,58008 49,00576
75,60641 13,58201
41,41247 1,446658
21,15559 34,8968
31,95853 82,04778
44,20316 40,45985
25,52116 1,316065
32,42296 21,36034
6,579403 12,80732
23,65188 25,3388
85,86059 68,36164
31,14472 49,83595
13,66541 11,79292
63,13562 9,771288
13,62286 19,70969
69,78844 52,95447
59,09386 16,67839
50,78677 15,08015
11,81361 3,104192
12,94326 93,09785
17,45615 66,33551
54,99107 70,57548
28,87305 15,8281
22,13204 97,83581
37,99992 36,34266
54,75576 13,97874
7,168897 23,15416
53,11271 48,09805
46,44804 26,00478
63,62157 25,77296
56,09404 79,16892
62,00383 1,574421
15,7299 46,38426
6,506991 16,26195
29,24393 19,40012
42,2035 24,55114
26,84573 25,53943
25,99817 40,35208
42,28244 43,13445
15,0636 57,97606
7,959252 19,2874
16,97081 32,25026
64,03893 52,95365
43,13417 91,34412
6,728102 47,16408
43,47316 21,6966
20,29384 25,36325
65,44912 73,44782
40,23045 27,51077
16,6372 0,2206266
66,75468 62,9724
21,7893 37,49346
39,27011 21,20752
55,8225 15,13797
23,65339 8,302003
25,32539 7,191414
29,07414 61,37712
24,90717 36,0376
36,21521 2,043968
38,6252 25,79271
55,20184 5,907268
37,33762 46,50951
71,59 76,05096
49,55196 27,73733
10,40543 24,73161
45,51012 59,26021
38,46992 51,50461
22,30873 44,6517
57,79396 35,85688
18,73304 34,41438
18,07813 80,63508
42,56242 17,46854
42,11813 18,93678
63,55606 43,13605
72,89263 0,7881582
51,42503 8,043182
79,01493 44,83222
62,23217 25,17902
11,89582 38,03418
25,82745 24,54106
47,11978 37,86868
13,61916 17,318
7,274004 34,31046
42,34365 25,5409
65,22995 36,34129
31,73821 85,9192
58,82366 39,0047
60,4867 3,818941
58,70724 4,725963
35,79232 20,81391
61,10909 26,27079
26,73946 40,06265
5,624677 3,263074
36,83501 84,27135
47,88552 23,09479
39,50845 50,80513
82,72332 1,980054
80,09811 2,562517
52,24685 9,526051
56,8432 18,71359
41,01343 89,35788
70,73474 71,56463
63,65095 2,542388
51,0869 55,48843
42,30951 73,53291
10,01922 35,48293
29,17522 20,23324
11,77973 20,3946
80,43053 83,71752
55,05658 65,12405
89,08756 38,61571
23,56058 0,9255767
52,82259 13,44772
27,57403 79,40199
29,87601 75,99815
56,45311 1,624948
76,53626 64,08196
80,81587 12,37226
66,91053 40,07555
25,58644 45,97696
67,72833 73,61002
16,71597 70,63654
17,78933 62,74126
78,57123 6,282872
65,59162 72,7564
47,14676 4,621184
30,76622 34,97083
37,75535 36,14557
42,73684 17,4012
45,90908 10,57672
45,09055 4,449809
59,87765 44,86187
8,520629 13,97721
54,97031 36,7159
35,16386 3,713185
43,83118 34,1967
23,1475 7,952327
27,94653 22,32426
63,44563 13,4205
41,03531 41,22547
38,33228 3,882766
10,93547 11,84959
3,451354 45,07489
25,65417 30,45884
29,2494 28,37292
56,57552 4,536188
25,41083 52,98762
46,27034 42,90253
67,87949 33,54539
24,82766 40,39141
51,28652 19,96809
79,21983 32,40013
33,78759 2,242225
38,39516 73,01978
39,01583 8,116132
33,51872 28,34775
31,99217 66,80809
45,28139 28,14416
44,57254 37,35917
65,70213 93,02399
39,75158 83,44568
65,65397 33,3199
73,728 46,08992
42,05106 3,565633
29,52927 56,93997
14,58225 55,77536
30,74142 60,27222
34,35007 48,72665
45,06668 90,8811
76,14306 35,63673
63,26506 80,54614
20,9607 40,5439
62,8777 35,05416
29,42298 12,89406
98,68723 5,260486
76,17165 3,599954
16,76517 54,12784
27,65799 20,42283
68,96311 21,07592
33,60583 54,90274
17,38392 32,47063
33,94218 27,65001
19,88241 36,16226
43,56129 18,02197
45,00024 15,27052
13,18366 58,14788
36,71264 47,36821
16,25002 7,044601
38,11703 10,38794
34,48873 31,11222
76,839 58,22792
21,36367 3,683245
30,2431 2,136356
8,872137 64,09998
58,78241 61,83772
31,32031 67,68087
33,02 90,06057
31,51643 46,72774
20,101 45,5498
25,30951 29,19286
31,55136 19,48088
39,60327 44,35919
49,18638 57,67318
29,66825 69,9537
53,04021 56,21818
34,31009 4,229712
66,96442 25,26936
64,06319 33,18737
53,43758 4,253912
39,64722 80,47742
24,27837 0,9602606
7,43558 35,67496
52,73445 1,549518
37,8578 72,8956
17,45634 44,05948
34,94989 5,315966
37,87714 85,7193
48,12733 87,69923
70,86747 17,67396
33,57256 23,23953
31,60735 15,63392
29,16665 18,97632
59,45178 3,492481
48,99701 40,16312
18,84756 20,3953
71,327 32,30703
63,67495 21,99777
57,55273 22,81166
41,12395 83,55652
80,3064 29,9387
81,52832 58,48448
48,19185 32,67208
35,21555 14,45286
11,78717 20,2788
48,8984 41,96914
25,60563 39,91473
67,73306 6,363469
33,55098 63,58504
50,35923 29,45469
54,88982 47,39814
36,96668 20,86549
17,2442 21,98005
30,16564 69,42838
69,09138 0,6672502
31,66891 47,22411
56,01321 13,39431
21,05022 29,05098
5,530513 36,66307
39,34647 54,38673
23,66556 25,80555
58,53529 9,362787
44,97198 71,72194
42,48934 7,984734
50,33851 41,23495
15,97271 83,90893
35,64442 8,808577
54,4413 10,1631
59,8898 43,29988
8,704928 20,79207
22,54396 17,40023
31,55357 3,284812
25,72171 17,40752
16,81116 9,086865
16,28881 31,86591
30,59781 34,91924
25,98026 23,58444
17,4814 61,5288
10,54108 62,59401
66,64323 8,885723
17,75692 86,8293
28,6738 53,84193
63,18591 43,03593
13,3821 21,16935
47,99502 41,29395
62,57958 27,62599
83,02573 53,28968
40,17743 29,09862
32,94515 12,0881
36,56282 43,90567
43,62444 8,738059
55,09645 33,05555
55,69075 39,81891
20,64745 56,96828
74,60808 20,00954
59,50835 41,47065
30,37853 0,09735823
35,92937 1,319194
55,26995 15,76277
90,72838 23,59499
28,29824 50,8344
61,02732 56,53159
79,62211 0,3825307
74,54891 2,377325
18,69744 18,81304
39,24521 4,891348
42,60125 83,22948
34,91199 14,95004
52,35356 5,702674
23,68666 14,875
17,59596 4,417914
45,31956 1,089549
57,76537 56,6845
41,58709 52,92587
59,26237 27,90491
30,32597 75,35483
53,6021 21,17521
48,29005 90,93459
23,61729 16,38156
48,62901 1,370692
36,53812 18,46124
3,57207 2,606064
26,39614 7,555699
13,79823 30,56022
23,20577 9,488338
54,93011 4,27556
12,85913 27,34951
93,75845 20,12119
48,37248 20,62975
52,66866 17,79999
15,32423 12,81159
39,0229 70,04139
74,29634 57,57703
66,29454 0,7696867
20,57555 39,40244
51,29832 9,80925
45,86082 62,57531
29,35866 62,19447
36,00072 54,83463
52,10824 46,62368
16,54414 58,56561
22,97975 5,238414
43,46518 40,60165
29,87188 73,76264
34,81342 15,77389
14,9649 9,023703
19,31275 30,9544
17,39847 49,23615
27,19463 29,87368
17,81724 37,52219
16,80853 18,04065
61,32615 14,91995
74,28725 34,27795
60,08907 8,571148
28,60628 22,36738
46,15241 27,35851
32,49527 41,26159
70,92139 0,8871615
15,75132 32,49424
26,98885 50,19424
25,80565 39,27712
25,01833 28,6501
67,2444 4,661894
41,52158 8,891267
23,76878 30,0468
43,63438 64,89349
89,0685 35,79531
30,23363 45,32367
39,27606 2,198458
36,05907 55,45884
48,0418 96,19423
25,49416 36,58224
39,29581 55,8097
39,07617 51,22037
76,24607 49,11802
56,20345 15,23107
33,45621 40,25662
16,35945 30,03024
54,44961 81,80227
18,43306 4,420042
37,08113 11,14271
39,61542 14,07785
38,19579 66,44421
42,82101 26,07533
1,828791 56,89731
27,53702 53,18279
14,89294 78,39577
27,48809 3,562868
26,32646 3,712982
43,13236 20,24714
73,92358 33,52931
55,45915 36,45601
33,4193 9,458608
49,23587 48,85323
17,10635 4,523849
17,64231 12,19718
75,72452 83,81703
45,20583 40,17913
24,01498 50,47998
38,71058 91,41965
48,27197 10,76025
42,39029 9,931076
52,45641 96,56186
33,89733 38,94283
11,51047 24,1221
70,35123 24,17265
16,96321 26,93411
86,91739 1,04602
15,35247 87,63405
28,78296 40,53855
42,15742 77,18739
44,14454 8,886915
46,23617 6,465096
21,18657 72,26881
38,53743 41,62119
61,48223 27,44246
53,10434 8,738214
50,3343 34,96503
22,64944 16,39441
41,26807 26,30979
53,32986 3,456944
51,08002 8,351731
25,31757 36,10021
64,16262 17,64546
58,14121 49,83453
29,68226 60,96304
57,6903 85,70303
35,97534 10,9221
35,44586 12,53983
60,24284 48,00326
58,04034 49,05282
19,49474 30,12089
62,77881 35,7025
24,14507 2,766705
66,78113 6,936675
76,22858 45,55165
11,71472 7,988066
64,73653 45,68461
52,3618 66,68213
74,23634 10,4893
75,94102 43,81616
42,43018 9,758502
18,32803 32,03899
14,6269 80,89822
2,919089 16,04882
67,50829 52,84976
24,55054 25,55723
16,14088 25,845
9,396831 16,26218
66,11453 6,226152
63,43682 2,969289
51,40597 1,270318
40,69952 22,34724
27,92156 54,20897
62,06746 3,697711
18,52761 14,68707
76,82587 30,10093
6,25265 20,92251
93,72511 9,799689
43,19205 27,87272
87,02129 39,85583
23,44353 12,43657
49,8163 35,65902
40,14419 54,76904
65,46879 54,89914
61,69184 59,27309
49,23164 37,07116
52,36355 93,91801
78,83801 28,62301
24,02905 28,11772
70,61914 45,32793
32,87483 70,55922
28,77129 51,67968
21,43584 15,48763
30,63814 69,41001
66,05233 12,826
8,696916 21,16007
68,78143 84,92946
3,221934 1,391864
30,35297 59,54331
72,30585 25,04207
70,58913 72,80898
18,79816 22,98517
21,22217 47,83159
68,80932 36,04161
51,32563 8,594155
42,84831 67,04713
49,82261 0,5483508
31,23577 5,153096
53,11208 22,45293
11,44727 38,95786
16,60977 52,33543
18,71363 29,9948
35,82763 71,2466
79,69961 33,01746
32,45959 57,74082
33,45065 67,07169
63,84382 48,52773
47,3512 45,79453
31,39459 12,57033
38,17922 15,81628
66,99599 6,135469
36,60934 50,93529
45,94091 25,61143
63,95656 22,77327
23,26261 40,25154
30,32456 34,47356
79,70618 45,00787
41,91157 7,267004
51,05774 74,76864
62,41995 32,96993
51,99798 2,231085
15,74047 25,89906
39,01316 31,57032
40,31088 45,33292
48,12217 7,402772
20,02296 7,243591
47,23631 35,23619
27,6202 58,67863
49,29422 75,96329
37,88255 57,16961
26,61555 17,37953
59,99279 35,02883
20,33306 11,05737
38,32713 45,22417
11,09345 2,870941
46,2555 21,74519
75,51485 31,57539
46,89346 37,89608
18,44546 36,61949
44,35157 35,82513
20,06895 54,46814
63,131 7,838326
57,11982 40,50022
68,17007 47,74649
69,76505 45,46241
27,15412 36,205
26,36993 9,549606
69,34206 71,46922
78,68677 58,64104
9,521935 45,20017
21,13119 75,1137
42,04187 62,63718
29,75102 63,92482
16,41793 7,650632
28,43447 18,65348
31,1807 77,40371
18,3065 57,67634
27,80081 35,0318
52,08072 34,47927
50,29606 65,35643
8,306115 75,52995
55,46465 71,71164
22,09763 20,42095
5,030236 80,34288
33,90666 37,27055
36,62772 36,80299
15,26665 38,71026
64,4296 95,27753
28,4416 50,2165
34,11539 65,2651
94,22366 86,57457
61,27731 32,77019
46,60383 52,72741
33,94965 82,10564
52,32967 45,94034
37,07671 47,62383
20,11281 63,17306
56,8916 40,98129
84,28838 24,70453
39,3829 25,38084
38,81507 61,21708
73,9286 7,797605
38,19012 46,02663
43,5957 11,06808
63,97784 75,21173
37,79039 37,13231
12,75747 59,82462
6,370812 6,210852
44,13257 45,04725
59,91957 81,96745
38,94497 42,35725
24,67292 16,94609
9,287563 35,57211
34,42712 19,97836
54,18458 24,07554
48,7588 75,70157
24,73268 27,79781
16,45387 70,8502
14,33447 25,00766
79,91707 2,920163
62,34023 63,6734
46,67842 27,86019
21,31336 38,60555
40,0413 10,47266
25,63003 57,53895
78,22191 62,96252
28,68775 27,59853
36,03371 49,05693
28,79592 78,49216
10,48993 20,05091
34,26846 30,59591
28,25152 34,91607
16,59284 53,90688
8,559077 44,06244
18,32264 30,29448
20,38703 29,50953
32,06357 80,41888
76,35439 63,53644
13,92438 13,99441
63,41533 13,97455
64,03866 63,73473
24,80663 8,345694
47,03169 22,4213
35,28942 31,12524
69,94526 75,32177
51,92374 56,00549
37,41882 41,70775
14,10137 8,614546
94,38385 30,66232
19,81287 0,1961231
41,46692 18,00779
38,96513 2,970332
52,53681 52,35731
19,605 33,14783
26,39385 25,29574
20,7096 28,66811
12,16095 18,83995
52,11547 18,83032
61,20147 8,637047
28,77692 12,51883
58,54208 3,538871
22,4631 56,87954
6,879767 4,682589
18,99939 15,737
28,77637 36,74055
35,0982 71,67496
66,26103 13,82235
39,15865 62,37001
37,79906 45,86406
60,72895 33,37138
18,63015 75,37825
34,72945 29,32593
66,03518 16,58496
83,1951 2,475941
84,03409 23,96536
35,90878 44,16324
36,64426 8,550173
23,37255 16,37841
33,66737 56,62006
23,24282 79,59451
27,97373 18,68326
24,4287 30,37848
28,08934 46,53106
89,17859 33,44371
4,356648 17,80444
6,523851 3,723872
31,63323 28,57208
7,075448 42,90817
30,12593 13,80681
54,44192 25,22094
17,71244 40,59246
48,98122 19,32807
45,86324 19,95967
44,52483 0,5833387
6,211175 2,157927
25,1684 16,05311
23,62507 35,13662
26,37156 15,54559
21,13813 26,14217
28,08543 49,11997
39,98231 38,5631
36,44063 4,211211
21,62841 3,083414
55,14327 0,5983531
28,3493 52,42523
33,28994 41,23356
33,94235 5,797648
81,04002 34,28714
26,79288 4,446161
14,70177 10,66957
34,22588 10,80226
41,00921 3,366518
43,13352 11,09944
36,00597 78,33902
55,74886 21,91967
70,34758 36,71264
29,08714 36,51207
82,21396 53,70172
45,45596 71,78683
79,31881 28,07487
46,31899 15,05741
87,94748 49,73161
32,22116 55,18386
85,44749 18,61725
73,55574 22,31985
17,8784 14,94095
30,26434 92,81728
15,81676 73,34174
39,82138 39,76783
34,11117 17,05208
9,869589 42,61087
25,14424 62,19899
38,66796 11,4725
41,90219 33,00545
23,06463 1,334137
37,03704 76,006
66,73094 63,93118
22,30074 41,32038
39,3545 48,0435
45,32029 57,67875
39,08989 40,31273
22,14631 65,40733
64,42039 11,62141
51,58273 51,75058
24,76814 22,28953
41,96293 0,4440844
55,86219 60,23735
59,65173 61,67904
85,10798 22,29843
20,16688 39,03641
7,056243 23,67267
25,1212 12,20712
37,15554 2,518964
19,46896 29,2669
25,69096 81,4738
78,9203 51,00957
48,01222 57,77464
54,22337 13,58286
40,30995 44,49002
40,21768 27,75195
23,05285 24,87987
47,96812 73,15192
25,46367 30,33285
16,85273 45,02925
24,19817 6,703991
36,60058 15,73603
28,65158 59,9274
34,20328 13,35555
12,03254 38,60394
38,91521 20,28934
54,86853 48,70655
32,93464 21,90614
26,84896 60,52997
29,73475 49,49556
67,55183 82,18831
43,33553 15,7691
33,8261 42,24007
29,71283 2,931368
8,753972 36,85971
28,89457 29,94192
48,11604 39,2311
36,17819 55,26598
23,84217 39,74538
44,94222 33,80912
51,45344 83,92164
5,309965 88,10596
66,94168 2,62835
43,35695 9,492713
19,91777 65,78062
34,82602 50,13944
18,0388 55,55986
27,83867 50,27079
48,10164 45,21358
46,95954 15,61353
15,56077 43,21395
74,46355 20,10881
40,60525 9,715033
30,03182 74,72666
11,5663 84,0484
56,78884 32,61968
18,76912 58,90927
44,09494 54,40656
35,4704 26,81723
4,943055 16,81744
19,30221 0,4633665
61,70657 62,45102
17,58583 91,96536
18,83642 40,73678
39,8662 48,49628
14,90974 52,78362
28,38924 14,48611
21,87246 8,374625
14,35316 23,90254
82,36404 12,8493
5,819849 32,9484
40,44398 65,31807
57,24669 13,9406
23,70024 7,275951
32,82247 53,33843
80,95389 10,11493
35,0569 1,677096
38,51222 66,62022
42,34595 4,712272
64,28918 76,97189
63,33085 37,98421
47,22255 9,228391
31,01868 49,34843
60,2949 77,63616
20,43982 15,60233
59,91536 82,87379
30,34781 38,58169
74,9966 37,49436
25,08436 64,54832
72,79316 18,08215
16,16145 0,06147027
18,19249 11,37491
60,29717 2,487463
22,18251 90,32648
67,97108 30,48616
71,9351 61,19991
52,45693 51,98374
22,03312 76,09466
12,24777 16,37892
46,13436 35,48548
84,15562 46,7513
46,97751 4,073715
39,45332 40,73368
26,62448 39,86237
13,92157 88,08794
49,98057 14,93288
53,06169 39,96709
58,52156 4,485053
38,38191 68,61008
9,091875 31,58191
42,60318 27,74115
79,8266 32,98943
35,40443 30,0923
23,66825 26,02916
53,92363 14,0236
9,584227 38,97087
88,61143 3,272223
21,2094 66,15125
51,38463 26,01734
33,8128 42,82949
15,10787 16,36396
82,76998 11,96913
55,73207 37,22411
49,26087 35,64685
26,31874 13,29278
9,453194 40,5579
83,66686 1,755685
23,74276 69,79166
13,63605 59,19447
49,18944 17,45763
33,12982 61,75568
69,38672 12,58016
49,29517 89,04023
6,910279 35,73072
74,14906 25,29184
8,454163 63,2775
55,99592 26,46258
24,69377 87,65063
55,79966 96,53819
68,97453 24,74884
13,50325 84,66537
46,52619 24,10272
44,39443 32,30261
21,89908 31,90873
72,88493 21,61125
49,97428 21,89024
65,01205 29,49801
9,367778 90,73957
28,67505 24,36312
26,91638 88,63059
56,34651 7,606351
68,03028 50,07084
67,29692 45,70569
49,04222 16,08846
55,31379 50,95247
27,89515 0,04399419
70,69429 13,69195
68,58486 1,968145
25,8111 12,12178
32,18588 7,466304
16,59566 22,84164
37,14755 15,08742
64,22499 77,16448
33,44121 8,055485
41,14988 28,04921
87,58363 23,30379
76,44469 21,27972
30,09563 79,7325
20,7022 53,05037
77,91757 32,31964
2,326227 63,86612
18,0767 16,83155
85,96751 4,262203
36,50238 4,054064
66,34224 90,56644
53,24471 33,17261
27,86438 24,81852
4,093268 10,47258
31,87589 22,52683
9,992248 75,32935
44,02575 8,278871
53,43866 78,93336
42,21803 40,04084
22,63178 15,37335
57,61364 2,433139
22,52102 20,06917
15,35517 14,78181
56,51716 44,57434
20,04343 25,19229
30,37189 10,02201
41,71583 45,43947
64,11021 2,131885
30,43501 53,81205
37,24685 90,31239
17,10726 18,78786
52,58384 27,92343
30,69574 1,548028
53,24839 8,129263
47,75422 29,58816
28,04465 22,10982
35,29892 45,39027
25,52809 5,607289
69,74381 47,02863
36,94468 71,60965
14,20317 40,74277
4,947036 44,32498
37,18532 56,1479
19,90185 34,67585
9,907551 81,12864
27,07306 3,812659
56,94627 39,47962
17,49564 22,86549
31,6597 3,654212
19,5078 9,110159
61,06896 0,7031262
3,458617 16,87272
54,78519 35,29708
51,58291 35,05936
67,36184 67,40662
19,68191 84,85805
61,3711 9,210038
52,582 47,27686
96,27207 32,86986
13,56899 58,21053
5,961961 36,97218
40,1685 18,01606
27,35407 45,03436
75,80005 16,82721
28,67329 65,39349
27,25009 2,700627
54,86677 4,577053
49,29023 32,86799
51,27587 45,50653
18,20891 9,728312
26,3521 56,02699
18,25769 25,87871
40,25214 4,972994
54,32227 41,55963
31,17189 39,61329
52,66269 43,39444
68,50925 28,28431
24,31208 12,20402
86,78275 28,14387
46,68568 17,25848
25,71321 8,616579
31,18447 26,2837
22,6612 48,97392
24,25541 21,49171
42,5625 19,488
92,91718 40,99619
48,45838 34,08047
32,49223 13,05358
14,94167 6,516379
14,10401 22,09531
70,87175 13,04497
42,24059 63,57149
28,36643 90,96706
30,2698 19,58041
42,26099 74,62955
40,12887 71,79871
63,1233 25,43749
15,56335 18,34019
64,86753 24,46631
64,4744 22,47417
60,17223 12,34525
22,72075 60,27138
16,09931 16,05449
85,33639 45,30646
41,49663 10,24346
51,62934 12,06604
12,62663 55,16688
30,02545 43,62925
65,70383 45,90654
71,70589 16,68159
34,88372 34,5228
77,71789 58,10634
35,3444 9,509027
26,44683 16,59178
16,47359 22,1052
57,17158 61,89014
9,796094 62,60805
11,9059 16,54785
40,74482 30,03989
76,09492 18,30676
37,83934 4,108787
24,08198 38,10261
45,89537 53,65134
26,97502 57,77134
67,69233 69,47958
26,61336 31,88132
21,0777 94,98744
47,7521 4,104024
19,24999 24,3427
15,12404 11,59632
80,03794 69,99004
39,80434 66,16114
17,72204 33,20717
50,78144 0,2814233
9,465792 29,92988
59,00751 20,52633
78,72772 21,67265
35,26685 29,49407
49,95359 26,96825
17,86427 47,13618
30,29623 12,72238
40,19712 0,2983928
21,51098 30,98794
49,75262 7,513094
67,24112 57,32053
39,02764 10,00456
52,06668 44,06234
12,04264 36,4238
32,05681 44,68363
92,92126 29,31802
39,27496 10,89038
20,9079 85,69624
25,66801 14,84305
70,60502 40,83066
36,84946 17,19078
66,30485 2,792901
88,77707 61,66171
55,18148 65,30182
57,37592 19,55082
12,2837 59,14844
31,8821 57,00219
44,19515 7,896751
76,25414 26,68856
22,90248 38,16443
31,78089 5,241764
40,38974 11,45908
36,22857 19,1482
29,33113 9,174162
46,76356 7,961011
65,79237 14,71634
10,09993 4,853702
23,83987 56,76116
39,72548 19,19057
46,83463 32,32492
75,85161 2,829826
18,60247 36,29138
80,08849 15,09921
47,73014 52,23925
92,58498 32,76474
93,17441 69,9511
45,52606 7,927018
35,05346 42,2317
40,78126 19,37294
22,37207 69,83765
39,1787 69,36952
35,09347 8,982831
48,57639 11,91072
58,86552 24,72485
40,30348 39,94851
18,15271 31,92953
54,10916 1,520216
15,7374 1,451021
10,9133 58,58759
43,17039 32,54345
42,627 88,05761
61,21042 39,70036
63,21285 28,27014
33,53569 11,73024
67,835 16,6478
30,07498 6,910324
23,59005 5,747378
44,90282 75,06725
33,42784 4,338741
10,59006 11,18592
21,53993 64,28333
22,42121 65,94923
45,17288 75,45956
10,3993 4,798097
25,97318 14,56444
40,87242 55,70524
65,29993 62,72668
63,05424 46,96943
37,45601 31,63652
36,8596 5,122095
23,24314 12,13322
56,06806 62,31024
58,42231 67,35577
33,53344 55,10312
78,53749 28,19236
49,61212 29,63534
71,80579 61,87333
33,35046 12,01167
62,44468 17,52942
83,31343 7,079268
26,45789 35,55249
25,43868 2,968818
20,12896 29,20756
38,01211 50,18377
17,29957 13,24871
55,25459 4,924971
45,54219 24,12454
4,102252 2,314186
22,33642 8,887362
6,150735 48,33252
26,03062 26,47716
60,10949 75,11691
51,75623 59,53729
26,40659 36,19014
19,27683 8,161086
37,60654 37,94352
23,57519 73,93604
31,62677 91,2509
47,92429 22,45477
50,8613 7,153398
23,03919 6,503182
29,67849 45,26466
40,98439 37,46819
23,8762 41,63551
63,10893 53,83123
37,38943 60,0063
35,97496 31,03936
20,02825 74,52516
44,93663 32,61372
59,42619 50,1335
66,0934 23,82957
37,915 7,715082
10,93807 62,17922
86,10158 52,60915
47,76901 70,16817
47,55518 78,17773
26,66497 11,00395
42,62925 50,31215
27,67262 40,80168
50,50874 39,10006
73,33134 5,70426
46,14386 53,11012
61,13443 10,60383
32,5461 8,423651
11,28225 7,08602
66,2782 49,91116
39,83291 6,851268
29,60658 2,324122
31,83224 20,65732
43,0645 11,80847
36,53695 57,68007
48,20937 57,06776
23,32421 11,80311
12,58858 13,56772
21,57407 64,64392
72,68087 49,35834
30,05036 0,862366
31,17482 58,97836
40,97957 7,962007
62,24695 33,93884
21,51139 98,70398
37,96998 0,2167225
57,50116 53,33594
29,04569 1,45303
23,75095 21,0782
46,27736 18,75663
69,68853 11,9363
79,04128 69,38831
14,85801 52,35427
31,68974 55,58911
29,86131 34,76941
8,596428 12,93172
30,07655 30,75646
19,16142 66,69415
81,92204 5,701792
54,44685 69,74734
14,13534 15,18338
36,14519 48,26533
19,72011 7,68196
16,99882 33,51992
45,52825 4,900813
34,73281 30,13204
51,07074 33,3043
14,16199 31,99111
53,47122 58,78097
32,03994 57,14246
50,72078 32,5057
52,38728 64,55246
72,13048 54,53933
22,45062 12,50809
28,80811 12,76638
59,53483 4,568887
26,78546 33,11122
62,83205 10,80845
49,35833 0,5365074
16,48666 35,61866
62,73963 39,93614
30,96876 89,79433
47,79535 28,43609
54,36024 13,97148
31,59422 40,38551
41,56694 75,61616
49,226 55,19608
18,29838 64,45625
33,82453 65,35319
34,24243 22,55807
71,47324 82,1108
47,79236 6,897551
79,90442 8,132023
24,61549 63,00254
63,94111 3,477854
38,96999 21,17512
25,01705 58,9648
27,39667 8,661777
36,62685 63,77658
47,79237 62,76094
25,55768 5,746132
52,64259 53,23057
40,26282 15,11668
40,15231 21,13364
16,87396 20,31145
21,48807 48,27804
70,97861 43,23143
53,14672 28,12117
30,63226 29,6775
42,78851 20,67871
39,9722 47,71773
2,4568 23,10201
84,21046 19,2246
64,41191 11,9325
47,82764 54,23825
53,46291 32,77362
18,69951 43,67256
60,42629 20,67012
76,20148 63,1241
46,43828 37,46286
72,23214 70,24091
73,85133 54,62104
58,85357 32,63963
29,05205 30,27485
19,31631 27,28097
73,88389 44,34223
24,56753 26,28399
27,78942 52,65139
58,60989 39,26838
68,77651 6,321192
54,0902 8,427763
52,58385 33,40705
39,9537 3,150499
35,87906 64,24089
20,82026 43,68895
22,09813 31,6801
53,89874 7,31681
16,33079 34,0794
87,15215 31,62988
39,47117 65,59075
48,315 31,55981
31,59599 10,80285
56,50938 48,51208
18,52668 48,71357
24,44452 30,93439
88,19996 18,95708
38,18282 13,79895
51,72535 80,5301
64,11995 11,64014
44,92993 11,31446
34,68654 24,02766
41,06607 2,638888
15,94887 0,9802103
19,49804 22,91905
21,82164 20,87777
34,25767 2,389902
44,72681 46,94919
34,80239 10,80844
42,56849 25,81984
24,10526 7,578111
16,01298 7,592517
57,21577 32,67215
45,50181 23,51153
13,07912 41,24073
57,12233 17,69568
25,17602 63,05564
19,93072 61,68815
14,63562 71,94003
19,26833 16,4812
46,10011 41,26709
25,41137 47,44375
67,16583 50,97882
31,24499 81,18409
20,24616 0,4801929
50,59876 44,86073
61,94754 34,93246
52,51448 2,72094
51,35424 73,85722
65,24912 36,2756
34,34999 6,247365
62,90057 38,48095
55,13531 50,45663
50,63639 32,84669
2,777646 7,371807
30,86776 35,94935
38,66972 41,51545
27,24584 75,67884
36,39678 12,38158
85,58798 72,37508
54,85967 48,08815
53,51492 38,62984
80,19019 26,45431
18,06039 32,71716
63,1003 39,27502
27,94369 60,40903
19,28765 79,9805
36,19729 40,70231
68,54593 35,05204
4,9826 36,24373
23,51772 56,9216
41,30715 34,11298
81,91622 68,04224
29,27037 27,97465
40,78751 27,02606
74,42149 69,8849
87,49822 62,63644
96,56533 41,56736
37,32623 42,12785
41,28884 50,69006
20,96737 60,62496
13,1974 31,64875
28,02544 81,07767
45,38544 47,44773
58,3751 4,93691
26,7722 82,26873
34,74907 87,03956
74,97168 57,37882
71,09017 58,01358
30,71407 68,37722
33,22562 64,5144
20,59597 15,33856
63,99489 45,75256
60,70942 88,31956
31,66569 18,7843
22,02116 86,89941
25,22323 54,87437
23,45049 20,59345
62,82289 16,92402
50,02354 11,28643
36,84148 90,13902
31,52404 61,804
44,49972 87,57331
62,33411 6,245512
22,82617 29,99651
20,7743 16,38743
38,44444 0,455004
36,84612 17,12954
55,19135 43,29976
70,76975 47,53962
7,830505 9,68945
27,01098 26,54209
52,01877 24,02973
70,27007 42,73431
37,95704 20,47744
41,69237 9,954649
51,12534 16,01121
81,94773 8,418721
22,17326 10,44237
64,50751 2,819866
28,51977 2,543688
24,50467 26,76602
46,42205 51,5772
65,5694 4,202085
38,42974 4,490477
55,08632 9,898162
80,18754 17,51805
27,40556 18,953
15,6964 40,26575
54,6348 26,30602
18,75946 22,71213
20,92731 17,24146
53,56144 35,91103
25,73174 18,74131
49,98847 8,540851
53,33958 40,89503
22,35541 3,662372
20,8641 9,829372
26,65261 20,80642
13,76173 7,675153
39,33229 72,01875
14,58037 11,92873
83,5103 0,1600742
65,5974 53,69886
59,74721 10,06476
55,09081 37,40076
36,17364 4,865938
18,12814 70,1535
59,25692 7,406086
38,86864 78,12996
9,493675 75,81068
25,40294 40,31261
3,364799 14,14117
47,18652 60,65212
70,95139 22,9035
70,03649 49,55802
11,8821 51,40177
24,88976 50,42337
80,64531 36,34665
51,20596 43,58018
29,77278 6,555259
65,26004 17,43658
69,51543 30,70794
62,40427 24,17524
11,83761 93,10399
28,81642 9,146518
35,7951 3,989488
3,468943 64,74355
39,49567 22,42645
81,52987 23,68126
31,05458 29,23321
15,17658 44,1524
61,98849 14,65628
50,76932 3,226388
18,10315 23,96239
35,43267 14,84455
29,07342 58,44772
71,36803 83,65435
63,75623 28,65739
48,54617 50,78326
60,76846 59,79565
80,924 42,06034
28,65141 59,33664
35,46855 4,77947
31,92066 46,24892
14,18776 69,03558
64,96198 17,5167
67,05032 70,47919
43,35027 13,83579
27,45673 41,84853
19,27213 25,73419
36,81608 34,11717
36,60414 9,217649
27,9409 0,6682038
41,30407 34,82509
13,91301 11,32131
44,40097 23,02107
88,96998 14,19071
70,98279 10,94946
45,75232 4,178304
15,76812 7,831651
88,2132 43,82514
35,90226 15,40003
76,63635 7,021594
54,69184 12,27209
20,19012 18,43345
22,7964 11,80924
21,81745 9,659558
11,28285 41,07287
61,18388 19,2616
17,91439 42,06307
28,37461 10,77102
52,63651 6,651574
35,03198 73,51575
16,94896 31,1764
30,12533 40,9784
57,49288 33,55775
32,55875 40,39379
47,86605 27,68484
60,93293 22,86605
74,96471 28,30594
35,61373 23,55296
62,79651 42,09406
79,45926 18,21048
36,20967 6,329501
18,4205 53,7686
26,25554 53,88656
40,17504 64,21966
50,22805 67,54296
19,7996 38,51209
33,31943 14,77168
21,00293 17,52439
24,85695 54,3488
22,78114 49,05566
27,37412 63,91915
33,31428 56,03761
67,6489 19,1613
74,23457 52,89277
69,03388 38,45689
45,19065 49,9401
11,81928 22,4021
80,7876 31,92535
36,59603 44,91848
18,28162 6,100702
32,86747 4,13273
23,91714 44,49824
20,37777 11,42939
34,00523 29,4397
26,52051 33,63948
5,126964 25,85069
33,15594 1,285571
38,37449 78,91066
34,4633 15,82386
49,65645 25,06502
28,18748 3,400439
11,86792 55,31865
35,78913 33,20938
29,54159 20,88949
83,60204 56,30757
48,1514 39,0174
36,14519 61,68789
16,03041 18,67522
18,83267 68,11649
41,11245 13,99708
46,68908 7,777226
82,04494 85,28409
47,89089 31,10893
26,43779 34,74521
32,38233 62,29364
4,825371 73,88115
30,43215 33,43777
61,86992 11,05643
4,324139 33,54696
42,99104 82,75887
24,68528 1,004082
25,38185 47,67308
55,47393 29,13547
50,55654 9,089285
32,88835 15,77228
82,61709 6,682926
68,70186 6,154966
29,71704 6,731021
24,34684 65,60389
57,57373 59,88812
69,15712 16,02097
32,33935 56,66739
34,4039 5,218917
2,790115 87,63269
39,22139 6,630426
9,201703 31,02059
91,39637 20,7478
56,59718 12,24113
52,88688 32,86509
84,20242 9,959084
31,55869 63,65724
26,48163 20,12606
37,48071 70,32462
41,60022 4,526281
33,54455 56,84559
38,17334 11,33645
57,53729 30,91736
41,17317 52,45071
67,67706 3,367263
23,67071 75,92521
7,923697 75,63227
20,02929 67,20849
71,59335 48,94891
56,38699 16,78914
36,802 8,975101
55,44499 17,22907
21,05681 21,2886
35,3637 10,78243
33,34937 22,18298
77,09304 63,21811
18,80607 63,29984
34,45536 1,193905
67,89427 8,860027
31,47975 20,60754
58,19868 26,2898
5,949876 42,95746
20,92136 5,778682
12,6017 27,91696
25,24381 35,58508
57,71295 56,86256
59,85101 6,60969
83,47992 41,22684
48,21238 4,0802
12,41226 22,66783
28,67747 8,389825
50,15438 17,23511
15,50821 2,977842
41,45001 0,8297026
68,9868 61,5183
51,47632 27,84259
36,10442 17,34424
44,78011 45,02909
45,48698 3,978896
45,0621 37,88713
61,5934 52,99066
24,81006 64,62883
76,58874 19,81996
29,42741 72,86138
22,26974 14,65417
7,100698 35,98942
12,50558 44,11614
62,07454 55,01616
22,44736 18,61484
37,96252 47,63892
25,21887 22,04446
44,84179 29,51332
17,42259 14,55303
31,34727 21,57099
47,54407 34,07471
65,15566 37,92846
37,03139 25,89942
20,18345 20,97583
8,183103 0,2504349
16,35519 62,98382
8,939111 49,58295
34,42251 53,03299
18,3828 54,58803
77,69811 26,30912
45,87919 54,13988
63,88143 80,63483
25,09727 47,0295
28,79978 53,85761
83,79301 32,00029
19,89823 40,90335
49,91956 38,89325
42,86393 31,67353
71,17439 8,117742
48,4892 23,18176
83,41203 60,7556
17,16804 55,58102
50,09641 41,41237
54,93438 45,77765
22,86645 66,45316
9,640334 46,34225
59,07197 34,13186
11,92731 7,455164
12,9284 53,6497
34,73528 1,059145
37,92558 70,85842
29,38931 63,0351
55,08941 22,33425
7,782323 29,83793
14,09361 31,62178
32,8882 39,64563
29,48489 41,61398
67,84797 37,92688
41,09675 1,951724
68,25426 18,92267
35,43395 69,49539
60,54131 27,74038
26,67235 33,90284
26,34458 85,30444
40,78575 4,437912
37,94603 33,56245
28,88885 46,9781
17,46811 38,60118
45,45573 21,746
53,32698 53,36364
27,71131 4,345417
45,33888 27,77332
82,57372 5,715418
41,36431 2,182764
80,47665 75,01889
89,79742 75,11128
70,28103 12,60018
59,32437 22,60483
19,15581 94,49995
7,727794 77,55003
79,31198 17,93358
31,62171 68,24527
36,76231 49,69953
39,46896 37,42104
47,37241 0,3035784
58,70113 2,835107
86,74284 29,92719
33,24304 11,53434
28,38831 12,25765
41,61138 19,20753
13,08572 4,745561
38,65367 54,271
72,1732 18,55836
82,61706 13,4975
60,73291 21,31863
7,403722 26,52122
2,794313 3,154033
22,59335 29,89485
38,91608 54,69505
34,39133 43,02742
32,47749 14,10371
19,79804 53,6555
47,11746 8,267212
24,59976 32,17763
37,20185 73,27898
48,15853 63,78859
27,42857 7,11289
33,03443 75,34214
16,64615 43,2054
45,96482 10,79543
13,48387 4,383606
14,56394 90,39935
62,24226 7,415521
79,56376 17,92695
25,67726 22,787
33,9561 16,68116
43,94957 22,71341
24,13787 49,50783
7,465411 20,71814
87,10577 72,26775
46,29145 0,07055998
10,04108 59,88375
49,44515 7,014126
38,35951 61,00664
35,2851 16,41794
65,27412 52,81638
42,8004 17,15982
23,4996 18,70464
64,79388 62,85589
46,77917 32,01138
79,76138 85,08414
34,96091 23,72373
33,85832 6,625289
61,79795 2,710134
43,56792 42,27032
14,45368 26,2804
76,22408 24,04803
25,96167 39,89905
23,25717 61,29973
48,9015 46,67686
42,3831 4,09286
34,47859 18,07123
52,23676 53,15597
36,20655 6,955236
18,32251 21,35738
55,68959 48,81641
8,927098 8,816523
22,89931 62,60561
56,82684 16,29022
15,4801 41,54145
26,35755 38,90951
34,52985 57,54043
55,22849 2,806932
82,26627 42,82386
62,593 14,90919
71,50338 1,752561
6,985074 3,610426
42,0539 7,118398
34,04549 24,62179
32,84938 30,88533
38,5237 5,44371
26,35332 33,55571
46,41059 21,07467
37,84129 29,04291
61,20823 49,22089
30,53144 74,75629
92,20972 14,81772
65,84909 16,59512
36,77317 17,79537
79,39773 37,23308
48,22762 15,96732
2,954295 66,67622
69,85644 2,810359
28,89615 9,254932
28,32715 33,84163
29,5602 0,5861282
52,66806 20,78664
37,3616 71,13815
46,56369 77,11695
59,345 23,97648
19,47747 23,06365
57,9076 32,59467
32,32459 20,66212
78,63306 32,93281
13,67653 30,762
34,66193 38,96849
14,00325 22,11472
46,94141 37,96905
41,48902 26,16345
36,31102 1,229805
73,51044 53,79655
20,7072 3,757691
71,52388 25,32792
17,77026 83,62305
31,47706 41,47628
19,78417 65,29198
19,70449 38,3927
40,03077 88,64843
78,76472 51,56219
35,78438 1,029885
27,49334 16,19912
59,16687 42,95531
29,25226 31,82906
14,42653 55,01627
15,23179 54,06462
36,81393 40,85374
25,80689 15,97397
68,2467 40,48555
38,92623 21,05225
15,37597 79,87334
71,50904 42,75155
45,93117 85,03922
54,80539 9,629095
49,37298 30,898
37,63537 30,79076
63,77642 8,920735
58,29292 22,41707
33,39911 37,79333
21,19275 76,85689
17,82762 16,29149
34,39345 1,488167
47,28157 20,11217
94,32628 24,37707
48,86858 9,734363
28,53957 59,26923
47,00559 26,25616
35,41321 18,16708
30,69167 51,70118
27,79476 11,4007
27,85341 18,04193
52,70507 14,9149
29,91885 31,47212
25,57569 22,9187
34,60719 54,61625
39,08488 66,12106
55,07528 13,47303
31,0517 4,794967
27,06536 62,88501
30,27164 0,3045678
48,50608 82,02445
43,66403 25,3704
23,80734 70,14021
73,29149 10,56142
65,58858 38,40927
15,83575 28,13764
13,70728 4,987878
62,17867 4,326642
16,22881 19,48131
36,21108 29,78099
20,91402 21,55975
30,26105 10,56418
47,51265 31,89731
38,50381 37,21716
58,60978 70,58078
27,57701 79,65288
73,57049 20,18135
63,44373 11,57665
47,9568 14,95693
13,0515 6,379402
17,35416 52,8563
80,01968 35,37623
25,92493 47,12103
69,28342 25,93508
22,1795 48,09686
48,86721 56,71053
40,83909 48,00593
29,37371 52,04396
40,03327 26,90296
12,80364 0,2691984
31,00894 33,66792
54,60928 72,58293
12,39528 55,65792
50,59857 39,75472
56,28131 15,17795
19,17207 50,26815
25,03491 33,82689
17,9023 13,75314
45,20236 9,391224
22,14066 20,65754
88,71429 21,41342
57,9383 14,89626
33,9948 3,937519
63,80309 73,44331
14,75135 31,50655
36,97002 7,648415
33,38111 18,82577
31,19291 34,83984
8,646887 77,64624
21,94933 5,422443
46,90504 27,15292
49,46786 31,92418
19,0499 61,24692
23,92649 88,08734
69,88115 86,91944
81,12776 14,11005
39,28477 16,15403
38,20869 32,77425
54,69395 19,9789
77,6404 41,07069
63,68049 29,43821
65,1157 70,90723
18,67808 12,22659
70,14428 61,80536
35,59092 34,95515
38,40832 63,25238
47,05665 40,38351
34,4955 0,00500083
13,48121 16,51816
70,30022 14,20339
19,88847 3,819585
17,66682 10,63046
65,01273 10,95301
67,58205 43,54116
6,421278 1,749915
94,60472 79,48528
70,86713 51,87376
55,79362 64,23174
18,68865 62,13715
34,36332 56,92592
52,30906 39,60244
27,19964 7,512742
70,67045 61,72781
60,84825 79,47301
21,70718 4,766494
37,11981 22,00456
28,8881 8,942109
10,33798 71,72733
26,7886 28,85746
27,59389 43,74189
27,46768 37,69214
20,25463 40,075
97,55085 40,51434
73,98733 27,17141
78,5179 55,80428
12,26495 23,1553
83,24529 11,05001
36,35795 19,96994
28,71242 54,41325
19,9736 62,91053
45,68771 33,45634
29,88643 24,3692
15,9573 26,27183
16,77466 21,8487
28,1269 50,90684
48,7252 21,36666
25,33029 56,5097
39,11952 5,311614
24,90107 19,21367
27,3263 32,88182
33,31286 0,4034758
50,22285 12,82923
19,49757 22,66324
46,90915 32,15862
17,60845 7,192201
24,74813 12,09026
60,80312 31,0954
70,80127 31,05803
50,31803 57,44834
16,46205 35,88992
37,61628 20,62333
27,62598 14,93664
45,33685 25,25871
21,9058 15,24386
19,7274 58,53585
74,42432 16,68652
18,0872 46,50115
9,700163 36,68179
56,4311 28,13465
83,07052 13,97867
46,49728 21,55498
30,94541 48,27868
55,34408 53,30588
49,39336 9,988552
73,11083 69,81776
28,49342 45,96904
10,56877 5,475533
35,5287 22,02142
58,40539 90,85466
74,73808 34,70676
61,69704 31,49218
19,83338 17,15714
87,60871 58,4541
33,66236 70,25788
25,30072 38,40137
28,38586 32,10514
24,45737 11,98872
53,34288 44,32397
50,53207 35,76435
35,9638 4,531741
38,89854 26,12507
16,96464 48,38605
20,86226 35,91065
39,82413 28,64037
84,73507 59,08307
14,65728 44,48604
53,94652 42,49102
60,35625 45,41442
68,1953 1,380205
27,4842 52,07298
38,54985 10,34055
33,45291 37,87156
9,435707 33,63506
38,18646 14,53363
37,0888 16,47114
46,05966 55,27148
13,46146 12,47513
34,9955 31,76012
48,44071 47,03117
33,07458 37,6043
35,13569 11,76677
23,12407 85,78422
36,54266 62,17164
67,76159 15,99326
66,3055 6,744635
5,736339 8,189445
7,153914 10,76398
72,53613 36,52645
34,15952 27,76665
15,39349 29,73784
17,05555 35,53233
41,59303 43,06476
29,45386 21,87936
58,62149 69,69482
33,25206 3,640687
11,71317 0,3028333
14,39905 26,91764
14,35154 1,087224
20,13565 9,694571
21,11823 51,54633
19,75641 6,482667
96,38302 25,34528
43,53708 15,33296
39,4836 9,679688
59,25697 9,449541
58,77873 55,90453
60,30449 30,62397
25,28004 52,8959
39,75266 34,31723
56,33345 5,784988
27,5326 12,09592
98,01445 47,8768
8,875033 27,25177
67,0825 9,08317
88,61264 15,59318
45,38865 44,73323
38,93386 65,24297
22,87095 34,60356
46,6869 26,50042
43,93051 15,0827
19,96724 21,87248
25,10881 21,83505
70,71179 64,03355
54,84599 9,857363
73,12766 16,9917
17,42991 16,45289
24,01266 20,76377
53,90044 31,45213
52,2755 23,72869
17,64319 28,40925
9,796171 2,396768
28,70111 47,34982
50,49281 23,00259
43,71674 42,81648
30,44227 27,20714
35,00425 39,01643
69,50611 58,03622
50,70238 7,662451
70,85356 0,5141377
40,86093 67,12085
39,94125 10,15673
55,41657 29,21795
48,63493 1,715273
34,77452 35,04551
45,49447 32,90457
47,53024 63,08143
27,90183 59,202
48,5424 32,67994
40,73565 13,90287
26,01539 1,800972
11,47339 12,23433
42,37244 2,360129
75,04601 33,24553
79,3225 42,9211
72,08756 50,63472
46,28255 32,13155
19,74283 2,692723
70,55969 38,78028
59,03472 45,82038
46,0544 17,28392
20,44681 40,72963
77,33774 50,36242
62,95365 57,9868
62,02719 2,12664
56,31067 35,1509
27,10375 4,955637
36,13009 69,81417
11,22013 26,74084
40,76927 11,0064
14,54866 34,98813
43,75712 51,87689
21,60854 54,50676
25,48366 10,86131
3,928873 32,69814
29,19936 36,34724
50,57691 56,28749
28,77045 14,54683
29,34494 12,1673
52,48814 2,65922
79,15369 72,1734
45,81827 27,29283
31,41396 10,31417
82,89863 5,746877
27,32174 32,6251
51,92386 42,45091
47,45642 74,64569
18,77299 7,921314
78,53177 9,557903
18,22519 53,06183
46,54043 31,29605
43,98202 3,840011
60,14614 4,298151
31,22244 57,33843
24,60199 45,98895
48,18517 29,26421
73,78263 15,93058
66,73728 33,63076
36,04159 66,16315
16,85892 35,37926
87,72561 35,21801
52,3229 37,75436
7,947633 45,96418
58,75014 23,29234
32,49476 42,50743
64,23083 56,88588
19,59982 10,72799
56,28736 21,60035
4,157777 46,93023
38,26761 14,60335
36,61697 7,773596
37,44119 40,75461
36,03249 14,59649
60,37743 76,59815
50,17221 8,127671
62,3061 48,11967
65,96319 64,46368
60,44707 26,16846
32,5979 34,4967
20,02697 4,955292
58,08755 29,45796
62,40261 59,64681
45,71167 2,819759
11,10332 13,48516
24,95305 47,17518
84,08888 46,47611
51,49193 4,308396
65,31476 40,41839
8,247982 15,06168
31,71672 20,04408
57,07096 62,46595
71,92863 65,14677
50,34016 7,692772
25,48131 65,10322
16,33772 22,18702
27,58104 25,02177
68,24249 27,10451
50,12958 38,46349
25,71949 53,33568
4,548152 42,90625
22,42431 1,877224
43,81963 9,565502
21,01192 23,71957
49,59528 67,51781
26,43909 1,874411
32,59497 79,40871
19,21038 33,1834
37,11842 76,02905
32,40744 62,39293
73,32048 9,527313
19,18236 25,59407
59,18902 8,998805
29,9462 64,23791
60,90794 69,44688
54,10771 29,60443
49,68419 69,0283
40,60881 51,08795
19,96339 48,27799
25,95588 3,316766
53,50291 28,98862
28,80592 6,984472
39,05463 17,91368
27,8153 16,09697
64,26063 10,41901
33,93146 24,84492
53,3984 44,95392
11,51751 0,8706808
25,44836 45,03939
62,16239 72,17793
45,5278 71,95926
16,47047 75,441
72,70272 6,182843
90,7524 81,13152
21,51433 47,97836
41,33411 74,45153
53,53925 1,096648
17,55239 5,62467
53,32953 44,19646
40,41753 30,69193
58,4244 44,77804
59,94897 47,39154
33,64881 16,96441
23,01167 65,26643
44,88639 36,53733
80,45036 21,48241
72,64395 61,10448
66,37344 21,83557
18,33614 3,555447
83,13811 7,505429
51,2436 20,58521
24,94642 58,02739
54,32647 7,252228
39,36308 11,61444
39,75111 19,36001
28,53778 18,26099
15,21331 7,036722
25,12289 2,236623
41,98361 60,1648
69,97355 18,6654
14,76684 81,36652
28,05983 67,99516
39,66068 93,97977
43,58366 6,60612
29,23759 48,85497
25,80805 11,52227
82,15264 37,52038
13,61819 58,36026
45,83733 7,088137
19,38499 37,79269
15,61919 65,6024
61,79476 12,43746
41,30223 19,87309
36,23676 37,08495
42,35051 52,79551
61,74606 47,12043
63,98913 87,27997
56,1951 32,68932
23,79006 34,04408
59,66227 27,81733
83,65879 47,32915
38,69532 11,8927
44,50084 84,76011
11,7798 39,99359
59,00873 17,0494
15,98389 1,570034
37,79113 56,30319
23,90536 18,73586
27,78987 50,54637
51,76564 62,50238
59,79357 47,68002
41,07388 69,09756
19,12879 48,98674
52,40229 18,954
34,25068 27,75972
20,09067 29,42245
16,37568 33,04905
38,83457 21,91867
82,74116 47,73027
65,54113 68,77841
48,1221 76,53495
44,72414 93,20683
36,10722 38,22663
22,60037 42,29602
28,30629 17,75293
35,25989 3,745878
47,29841 0,1786232
53,02554 22,10905
77,51709 31,64248
40,98859 18,98879
88,44287 49,95564
44,22918 57,95447
9,91019 0,1770139
69,68328 10,72174
45,27505 8,798033
18,07699 20,66857
57,53983 35,67717
63,57119 43,94412
17,10677 16,62384
29,42917 3,011125
40,10473 15,88305
36,16896 2,253538
33,0416 3,450078
29,38017 37,66968
18,78706 9,166813
39,59467 9,404516
55,72345 17,10572
29,32989 7,642317
37,33518 48,82539
71,62177 14,19839
20,48591 30,13329
22,74615 46,4445
1,277601 15,81692
19,17811 33,80018
45,10835 69,18338
94,35322 7,255393
41,54267 18,21337
33,17727 23,70124
5,722176 62,5446
9,067265 2,682477
51,17562 29,34594
23,39532 42,63929
71,12342 13,38965
47,84888 0,3157377
93,76981 60,41784
24,67292 37,55939
23,6471 9,787655
28,45193 55,29118
34,75993 79,08098
28,285 30,25283
41,16043 7,928014
77,7849 11,65936
70,00421 85,6969
25,40366 4,400521
65,50744 45,25035
13,36365 87,34847
12,76983 3,807348
32,30442 7,938182
43,60054 6,292093
91,35878 59,63559
82,76758 10,71818
39,25156 42,79263
6,254741 55,38302
80,59367 32,20307
63,26815 12,27713
31,59164 67,27737
32,95028 46,4882
77,61028 26,8238
79,44922 42,85073
66,97916 63,49434
34,88588 16,2496
86,90251 7,103455
21,52328 75,82803
49,52493 24,9979
39,06143 16,09723
51,77546 26,11892
31,28117 59,45598
12,60739 13,79992
17,64936 34,53021
77,05186 18,58215
50,7935 35,68336
55,91975 36,1169
76,85708 58,32505
49,55121 21,35307
26,39452 56,25285
41,53388 3,404289
28,96135 41,89456
19,64721 53,61073
15,21253 14,60023
5,287731 72,41953
6,398186 87,52162
32,94492 29,29821
56,21475 1,55763
35,26567 5,332261
39,8408 27,47551
64,71589 1,645851
87,38029 34,66763
25,70419 13,09249
17,20841 27,07118
88,65944 4,532707
57,66465 6,480723
72,22136 67,42092
44,6881 58,04671
69,78571 42,8437
16,39001 53,15304
29,33198 4,466957
41,13762 4,469991
3,398218 53,22586
3,102562 48,46053
7,632092 78,56542
56,75882 70,14189
39,46049 80,82089
17,09728 35,14994
18,18819 63,46685
69,87154 56,98099
46,51792 29,11097
67,04865 16,43705
35,22717 19,83466
49,35062 33,67554
43,17157 48,34241
17,84122 47,57507
8,394243 46,3228
16,90381 20,25359
57,45514 52,21558
67,745 56,73824
66,50715 48,12008
28,5649 48,98268
73,77319 7,379508
18,3656 15,48514
63,82477 72,74643
59,59346 8,976019
66,50825 42,49008
19,75891 5,437547
24,71284 76,65533
83,86261 37,266
32,07262 33,04891
45,50842 3,70611
78,97844 28,47568
13,4911 14,18722
16,22946 74,98915
42,43098 45,27581
30,02411 12,72985
10,4073 43,43105
12,26152 43,8577
40,90866 54,11097
26,40982 36,13095
24,312 94,93481
60,08419 11,50087
33,32265 52,49893
45,1525 28,73911
36,01457 20,43293
21,37242 35,87857
35,25509 27,07914
21,06222 9,896618
29,61342 56,91111
4,792717 16,98316
27,2041 22,73037
57,80029 17,34281
55,07658 56,45626
31,51832 2,297783
12,09008 2,201021
36,60165 80,22823
12,27537 9,663224
8,666867 35,6762
83,44243 28,89917
23,54597 17,8959
15,65798 58,81053
67,33489 32,10851
66,27747 38,21551
40,45634 66,57655
56,54885 7,885271
26,49591 43,66806
18,38964 1,880026
82,15941 77,48224
37,6923 15,68163
24,29761 12,48289
20,16743 85,73717
91,83899 64,09865
84,25194 55,63105
79,64498 15,72264
72,46033 80,12086
32,73627 8,433002
82,398 76,00608
13,22703 18,67953
49,23434 42,75639
59,69113 63,74145
35,22678 53,46421
50,28032 19,14549
76,436 49,51519
30,00526 3,543222
28,23669 50,86547
54,5337 5,499583
32,92651 66,46497
86,83543 35,02508
87,66908 16,20083
25,88819 65,64286
30,36652 34,94231
33,88069 61,13217
31,77739 3,477055
93,05772 22,22277
53,46008 57,11893
27,8874 38,186
15,42366 66,83112
28,60311 33,0596
25,57331 27,61391
63,89267 7,804775
66,56058 16,29036
68,88383 70,63858
39,13452 77,02861
8,642002 79,92081
50,43319 39,62471
25,56899 24,57101
69,616 27,61267
63,64851 40,54919
59,17923 17,43432
61,2994 15,26919
42,93881 12,81383
42,67686 70,8324
80,63981 17,12404
31,68079 25,55117
58,02221 23,30936
32,08334 57,2317
74,84497 29,42001
50,65137 2,788597
16,8043 12,84291
12,89156 7,219845
14,48052 14,44187
41,02175 28,46467
15,6736 2,544361
61,94498 2,748269
66,31451 17,09464
54,7147 39,93944
60,07943 6,340683
14,21639 35,20438
38,36899 56,66152
48,89217 20,36833
25,39062 7,484341
68,89555 41,08009
32,82097 42,83757
51,06344 27,868
38,15274 65,00839
30,27917 48,03949
60,51091 30,3301
37,41381 19,2877
85,45534 61,54592
16,6139 65,38072
73,35854 39,38499
70,87443 25,67404
13,82109 35,80661
16,23167 18,87143
70,27629 28,24663
66,06543 79,114
27,84344 0,3564298
27,59381 12,75854
69,90767 5,946297
22,52184 60,11385
72,34064 80,98642
66,96831 32,30027
8,509687 8,970028
46,09674 12,8267
16,8844 22,42017
79,99649 13,69504
13,041 48,05397
33,53527 18,50312
62,11235 26,6805
64,10283 64,51637
12,94705 5,794775
22,21863 73,79358
34,0118 42,86121
43,01556 74,37505
25,6941 26,55849
6,621001 25,0187
15,13307 20,82446
24,71651 36,53185
67,20943 68,03566
19,42131 26,60337
47,49016 47,42875
33,09877 27,7954
58,91298 35,61736
67,75538 41,22267
44,25007 57,14728
54,75175 2,722895
58,6432 41,95248
48,614 32,89722
22,56733 37,57074
54,81958 67,91548
26,58575 40,92722
80,55962 8,707786
28,60376 12,53284
44,1815 38,63037
20,00115 10,68074
80,49938 2,052921
31,3151 8,311391
61,59789 12,12453
50,52016 55,03598
59,90846 71,73058
14,35672 69,81805
94,72572 53,18109
4,290752 4,835695
48,00437 3,789169
12,00873 70,132
48,66496 18,29157
67,4165 20,54368
47,49639 20,97919
9,906747 40,76393
17,83284 15,07783
32,11904 31,91904
68,28126 43,72019
35,35076 29,85805
32,89352 26,84156
77,89934 54,61283
59,20755 38,32879
69,36452 27,28307
26,12117 21,86525
35,69085 21,18073
26,35445 10,73698
19,22612 5,546606
34,95243 49,35989
40,1845 7,850748
15,7211 9,516001
28,74154 0,9440839
47,24498 10,11064
26,33237 42,79082
19,286 68,72838
44,95231 37,51919
6,314876 5,318707
66,03118 24,12449
3,37461 42,7915
52,25262 5,499941
11,80999 37,61755
22,88438 76,08783
40,4255 11,80253
48,80689 36,77678
48,13783 2,736998
54,97305 56,79319
72,68719 36,83553
78,88026 18,66955
42,63789 22,1559
42,14786 39,27464
52,88147 33,40024
29,14878 19,68275
25,87451 31,25571
48,10807 6,401211
29,94078 19,35087
60,41788 24,06181
51,76448 44,39875
11,38251 19,79876
35,24453 70,5179
25,39548 19,84974
34,38798 44,88921
24,71557 3,712344
23,85066 8,990455
12,52888 14,59423
21,84896 11,88571
20,11755 69,80949
28,08194 5,237216
33,46869 72,43102
28,88652 61,03069
13,43959 54,87307
36,19494 48,65388
67,68222 37,86904
47,03211 62,25666
57,9213 21,38668
28,63514 1,281112
64,43623 35,48076
36,70956 55,8393
39,77392 9,134102
87,24883 14,09411
57,41504 21,61999
32,61882 5,157918
52,9456 34,64615
32,0136 50,16178
60,06057 45,20958
39,11928 28,51578
50,84563 22,43912
21,54415 26,07652
34,79912 3,918177
27,06185 3,221983
32,08118 66,84409
70,86641 27,80983
62,86057 8,825111
79,5248 0,1294672
80,93616 9,786791
71,2595 3,536797
64,42434 22,7402
88,48891 12,25495
37,93153 8,722221
42,62651 84,908
24,22075 1,384377
34,9736 21,35357
58,85519 51,8071
60,34768 15,11008
34,91527 7,770687
26,0928 13,31982
41,11319 2,423328
83,62369 44,43121
37,21443 10,0325
31,60654 4,708463
77,86311 33,52129
50,90402 41,06172
10,25954 64,74484
29,09715 33,57912
10,31496 13,51771
91,53062 46,33456
27,673 19,75212
53,65604 30,57635
29,81169 21,46055
32,65034 19,39402
63,78467 54,13374
72,5514 56,49526
43,11452 7,734644
61,32354 40,39255
42,13784 43,67725
25,84428 14,51076
23,37033 33,79903
55,48934 19,35256
14,94022 47,24177
70,56901 23,0032
50,31192 13,55736
39,52304 41,38097
71,15617 86,61629
7,788904 8,01332
35,73207 27,10709
35,98737 54,87996
79,52754 23,41285
48,92947 22,64793
68,39491 29,78039
25,63203 0,03951192
55,17709 22,95834
34,92789 36,54463
29,56203 3,988057
53,44423 5,40216
51,29764 13,63225
64,61078 53,30082
27,00146 37,71921
38,64523 25,26776
28,13908 24,41559
38,23249 40,54234
37,83532 71,18654
78,39887 2,363414
43,78645 9,547388
59,22014 11,65426
54,94569 1,74517
57,31581 14,02442
25,50551 21,90847
45,43973 81,64195
36,12323 21,17494
49,45753 16,94574
87,44787 16,65707
95,71655 13,98889
16,85938 17,21233
57,88331 41,71212
16,88509 14,49567
42,89085 55,18922
34,64836 7,823891
17,40374 28,17215
20,14295 14,22766
37,64347 2,619791
12,50791 15,35366
48,86002 9,891808
94,20263 32,32967
40,03066 8,110166
4,345009 46,09463
7,97061 8,778554
76,63511 37,33894
49,07145 10,45496
40,08584 33,03452
45,1343 41,32605
35,05018 51,62939
77,65871 32,02084
82,7579 51,43994
14,24987 23,18718
27,35558 15,82543
51,63504 68,00515
44,65047 11,43227
56,88427 31,00073
52,09487 16,0966
30,6865 50,46035
6,019654 33,21448
43,0645 8,96908
49,73509 48,45275
55,69054 22,88781
7,289524 2,714658
34,39878 26,64277
73,73209 63,40512
20,1244 10,38758
12,9512 33,80984
15,66695 17,4053
59,25177 11,96676
35,38107 40,14204
24,34763 85,94946
29,96717 19,73379
50,34413 38,01062
25,03468 25,69793
27,4027 22,45566
83,9231 35,53132
61,67294 7,986021
67,5905 64,6748
69,76001 67,02362
47,87638 24,26488
21,06436 47,75459
68,42067 1,920497
41,26184 32,31115
7,671547 2,202314
45,21428 51,31361
56,39062 43,18681
19,9169 43,01426
16,37615 65,01336
60,23891 17,17224
35,01401 31,21333
34,66864 94,88049
20,59007 24,2282
34,31231 50,60836
71,55198 53,68732
78,74623 75,458
44,36042 0,7903814
50,43067 16,76292
92,97296 57,31962
19,79582 30,60678
3,313359 17,91348
38,8752 34,03819
11,85908 58,96249
23,92903 8,932507
82,6936 33,6595
72,96526 59,08604
29,28999 37,87968
35,72163 18,72628
41,70734 19,50168
74,20232 8,01195
60,69764 5,999213
44,0553 53,43433
6,548658 36,4861
62,73944 19,81311
26,46665 82,75407
38,76904 26,21556
19,98343 35,4711
28,6898 70,6898
65,80376 47,23803
44,58993 23,7547
89,49837 42,60159
25,11637 75,91568
27,00286 39,71798
41,64754 23,14191
45,38445 54,37362
52,29202 46,57035
55,31305 50,05525
37,47772 19,03078
65,37904 65,4373
48,08849 51,91342
65,71157 1,084352
32,18388 17,37037
41,36104 19,53578
49,64631 14,50239
38,64333 33,31807
53,35936 20,25631
32,18358 51,23012
49,84533 59,161
12,25503 25,06239
33,9519 8,077044
63,18275 71,59377
7,21072 8,162779
80,88567 4,21052
4,245828 43,74543
39,99612 74,26943
33,95407 16,40971
63,61109 46,91875
27,66204 13,65581
47,9127 27,98859
43,48313 33,35459
17,4995 89,72652
54,92291 26,97369
7,831139 14,69843
11,40988 49,50179
31,48433 6,482619
24,96242 20,96349
18,84993 30,68719
64,64755 85,4328
67,75799 33,25757
44,9784 26,02788
83,44727 33,07423
7,930674 0,1376569
3,775128 43,57576
45,77364 0,6111801
50,25258 9,809435
21,61186 28,6245
26,44592 18,59446
32,00203 82,96238
39,38545 72,23621
38,07781 40,35016
87,75983 34,76106
74,78778 23,69935
61,46787 15,71076
62,40338 83,50867
21,22866 33,86694
17,62953 19,97476
25,47803 17,42615
21,23159 77,4942
51,79465 0,1270592
41,70065 44,11628
6,777836 23,00995
20,44556 9,619528
51,48888 7,86832
75,83432 19,78585
22,8215 28,09212
29,1601 42,55247
26,15219 26,99357
5,763206 15,03713
62,81712 17,23651
38,65469 39,84981
71,07698 82,15284
23,37033 44,29011
34,00115 14,37478
8,057988 4,498279
41,64518 5,37414
59,24669 72,43204
14,24027 4,515022
26,20559 9,592903
43,2866 22,9817
85,27923 18,85991
39,63193 20,40566
7,368668 4,509312
47,46038 6,728106
47,21537 61,55642
12,16396 16,65215
26,70549 17,1523
22,8514 17,39938
6,008811 48,67519
36,88628 5,494589
54,71839 8,865583
27,86145 22,27409
34,68538 14,34073
70,38439 45,69989
78,32974 17,77301
73,96204 58,76311
63,1649 3,785104
21,21299 33,09541
26,2819 70,31858
46,40818 16,14386
72,15926 24,87665
84,29763 27,01132
25,54755 56,93035
63,62747 79,49931
68,432 9,501404
70,00197 51,70518
16,86896 12,11415
21,66658 53,60464
29,78078 24,60583
85,46877 48,70036
69,33307 27,1076
72,24929 33,91904
13,89177 52,88527
46,20964 25,36555
30,21803 60,14873
52,12202 1,428711
45,56545 37,31124
16,02308 10,37363
50,24837 35,84556
78,43964 37,1464
58,37858 88,13979
58,38326 5,666572
57,85513 78,86921
60,07192 27,4415
36,18366 6,146669
7,172899 38,98937
22,14011 15,21742
40,65731 48,72776
20,90252 52,11504
51,62378 7,216251
31,5724 13,40982
33,23873 56,47894
32,28235 8,817345
66,21156 54,85411
38,24147 52,05839
45,99316 16,54194
14,16646 19,5423
30,46628 15,11421
69,81769 29,52874
12,4962 71,0006
72,85761 70,97453
78,65858 59,55035
37,15762 69,98855
27,72171 19,82266
73,14621 20,67822
46,77062 55,87757
33,12885 33,53747
24,25613 27,67612
18,97667 9,726315
50,27437 74,85126
36,21505 71,964
38,62796 36,12893
46,95144 39,29282
71,31511 22,06231
63,82986 7,693261
55,69077 19,84819
54,46925 10,45051
46,71304 30,01337
86,02411 87,22951
54,46469 48,81252
63,27296 9,635693
45,52364 3,072906
35,61535 39,91527
48,90994 23,10785
23,61707 4,154038
25,898 38,2037
29,64004 26,9536
39,53526 18,34368
30,77066 44,89287
3,398306 57,53295
44,89642 17,24346
20,15695 11,14427
41,16802 10,94356
28,13655 39,77351
43,03553 70,84928
15,77524 19,33684
32,26585 34,46768
50,5002 15,18419
29,78181 1,115942
70,84133 53,65729
64,38976 1,670611
17,16014 42,82273
96,26205 20,78651
35,64523 25,5613
69,0505 22,74117
43,80209 25,28591
53,54817 6,565917
23,72278 30,84764
53,44572 52,42715
86,54544 3,690666
80,14946 44,30195
95,46973 50,75259
52,55621 8,30422
46,49681 29,9176
24,47931 62,82759
10,89254 44,92292
11,05072 19,06985
33,42482 70,81716
77,29731 11,93764
66,78266 79,07611
42,69291 34,3147
48,30678 4,593837
53,10508 59,56185
25,29735 2,877313
34,71187 12,48433
42,64564 26,90091
32,13457 61,91837
13,98086 42,37602
10,81238 6,077033
59,12322 10,87476
34,04551 3,858
28,7877 36,95385
49,9777 8,416807
47,84616 57,4412
54,73744 59,90673
69,99902 2,048695
21,92731 17,57328
26,37128 20,46279
27,36481 15,61721
36,92551 38,24334
30,58338 42,84607
50,50211 49,12835
12,97403 29,3611
98,29047 34,52082
83,41423 5,535799
43,70153 74,78197
30,76556 52,91985
47,25219 34,32554
95,13953 27,90868
26,05585 21,91588
19,44248 38,58415
26,80297 22,35091
25,65336 62,40008
31,33125 21,83129
18,43382 38,54138
30,16871 5,127239
67,68511 12,75091
59,29121 52,67606
33,53702 55,32949
42,16289 5,94337
18,77432 77,50253
36,19996 8,55838
64,79178 10,46372
43,15373 8,108913
6,457636 5,093253
10,50074 45,1352
23,88288 57,27472
79,48553 30,08713
47,23568 66,89635
67,48078 26,44266
56,97063 35,92179
60,91757 4,213447
26,48886 11,87814
52,16562 4,218716
66,98175 78,57001
19,55096 28,08945
38,08715 3,924477
25,78655 49,3862
35,62128 1,085353
12,39422 77,49722
12,74184 81,14867
23,2714 26,32297
92,21928 41,6854
73,74585 42,76866
38,5289 9,754682
14,84186 13,10584
16,55482 49,63931
70,77325 11,31184
41,40852 5,072749
2,514296 3,727126
